 Sample   Time     Commanded Pos   Encoder 1 Pos   Control Effort

[    0    0.000            2000               0          0.0195;
     1    0.012            2000               0          0.2149;
     2    0.025            2000               3          0.2344;
     3    0.037            2000              10          0.2534;
     4    0.050            2000              20          0.2717;
     5    0.062            2000              32          0.2900;
     6    0.074            2000              43          0.3077;
     7    0.087            2000              55          0.3260;
     8    0.099            2000              67          0.3437;
     9    0.112            2000              80          0.3614;
    10    0.124            2000              94          0.3785;
    11    0.136            2000             109          0.3962;
    12    0.149            2000             125          0.4127;
    13    0.161            2000             142          0.4298;
    14    0.174            2000             161          0.4457;
    15    0.186            2000             183          0.4621;
    16    0.198            2000             206          0.4774;
    17    0.211            2000             232          0.4927;
    18    0.223            2000             261          0.5067;
    19    0.236            2000             293          0.5208;
    20    0.248            2000             328          0.5342;
    21    0.260            2000             367          0.5470;
    22    0.273            2000             408          0.5586;
    23    0.285            2000             448          0.5708;
    24    0.298            2000             487          0.5818;
    25    0.310            2000             523          0.5934;
    26    0.322            2000             556          0.6044;
    27    0.335            2000             586          0.6154;
    28    0.347            2000             613          0.6270;
    29    0.359            2000             636          0.6380;
    30    0.372            2000             656          0.6496;
    31    0.384            2000             672          0.6612;
    32    0.397            2000             685          0.6728;
    33    0.409            2000             695          0.6844;
    34    0.421            2000             704          0.6966;
    35    0.434            2000             711          0.7082;
    36    0.446            2000             717          0.7204;
    37    0.459            2000             723          0.7320;
    38    0.471            2000             730          0.7442;
    39    0.483            2000             737          0.7558;
    40    0.496            2000             745          0.7674;
    41    0.508            2000             754          0.7790;
    42    0.521            2000             764          0.7900;
    43    0.533            2000             774          0.8010;
    44    0.545            2000             785          0.8120;
    45    0.558            2000             796          0.8230;
    46    0.570            2000             808          0.8333;
    47    0.583            2000             820          0.8437;
    48    0.595            2000             831          0.8547;
    49    0.607            2000             843          0.8645;
    50    0.620            2000             853          0.8748;
    51    0.632            2000             863          0.8852;
    52    0.645            2000             871          0.8956;
    53    0.657            2000             879          0.9060;
    54    0.669            2000             887          0.9158;
    55    0.682            2000             894          0.9261;
    56    0.694            2000             902          0.9365;
    57    0.707            2000             911          0.9463;
    58    0.719            2000             919          0.9560;
    59    0.731            2000             929          0.9658;
    60    0.744            2000             939          0.9750;
    61    0.756            2000             949          0.9847;
    62    0.769            2000             961          0.9939;
    63    0.781            2000             975          1.0024;
    64    0.793            2000             990          1.0110;
    65    0.806            2000            1007          1.0195;
    66    0.818            2000            1025          1.0275;
    67    0.831            2000            1045          1.0348;
    68    0.843            2000            1065          1.0421;
    69    0.855            2000            1086          1.0495;
    70    0.868            2000            1107          1.0562;
    71    0.880            2000            1129          1.0629;
    72    0.893            2000            1151          1.0696;
    73    0.905            2000            1173          1.0757;
    74    0.917            2000            1196          1.0812;
    75    0.930            2000            1219          1.0873;
    76    0.942            2000            1242          1.0922;
    77    0.954            2000            1263          1.0977;
    78    0.967            2000            1281          1.1032;
    79    0.979            2000            1297          1.1087;
    80    0.992            2000            1310          1.1142;
    81    1.004            2000            1320          1.1203;
    82    1.016            2000            1326          1.1258;
    83    1.029            2000            1329          1.1325;
    84    1.041            2000            1329          1.1386;
    85    1.054            2000            1329          1.1453;
    86    1.066            2000            1329          1.1520;
    87    1.078            2000            1329          1.1581;
    88    1.091            2000            1329          1.1648;
    89    1.103            2000            1329          1.1716;
    90    1.116            2000            1329          1.1783;
    91    1.128            2000            1329          1.1844;
    92    1.140            2000            1329          1.1911;
    93    1.153            2000            1330          1.1978;
    94    1.165            2000            1330          1.2039;
    95    1.178            2000            1331          1.2106;
    96    1.190            2000            1332          1.2173;
    97    1.202            2000            1333          1.2234;
    98    1.215            2000            1334          1.2302;
    99    1.227            2000            1336          1.2363;
   100    1.240            2000            1338          1.2424;
   101    1.252            2000            1341          1.2485;
   102    1.264            2000            1343          1.2552;
   103    1.277            2000            1347          1.2613;
   104    1.289            2000            1352          1.2668;
   105    1.302            2000            1357          1.2729;
   106    1.314            2000            1364          1.2784;
   107    1.326            2000            1371          1.2839;
   108    1.339            2000            1378          1.2894;
   109    1.351            2000            1387          1.2949;
   110    1.364            2000            1397          1.2998;
   111    1.376            2000            1408          1.3046;
   112    1.388            2000            1419          1.3095;
   113    1.401            2000            1431          1.3138;
   114    1.413            2000            1443          1.3181;
   115    1.426            2000            1454          1.3223;
   116    1.438            2000            1466          1.3266;
   117    1.450            2000            1480          1.3309;
   118    1.463            2000            1493          1.3346;
   119    1.475            2000            1506          1.3382;
   120    1.488            2000            1519          1.3419;
   121    1.500            2000            1532          1.3449;
   122    1.512            2000            1546          1.3486;
   123    1.525            2000            1559          1.3516;
   124    1.537            2000            1571          1.3547;
   125    1.549            2000            1582          1.3578;
   126    1.562            2000            1592          1.3608;
   127    1.574            2000            1600          1.3639;
   128    1.587            2000            1606          1.3675;
   129    1.599            2000            1611          1.3706;
   130    1.611            2000            1614          1.3742;
   131    1.624            2000            1616          1.3779;
   132    1.636            2000            1618          1.3816;
   133    1.649            2000            1618          1.3852;
   134    1.661            2000            1618          1.3889;
   135    1.673            2000            1619          1.3926;
   136    1.686            2000            1619          1.3962;
   137    1.698            2000            1619          1.3999;
   138    1.711            2000            1620          1.4035;
   139    1.723            2000            1620          1.4072;
   140    1.735            2000            1621          1.4109;
   141    1.748            2000            1622          1.4145;
   142    1.760            2000            1623          1.4182;
   143    1.773            2000            1624          1.4219;
   144    1.785            2000            1626          1.4249;
   145    1.797            2000            1627          1.4286;
   146    1.810            2000            1629          1.4322;
   147    1.822            2000            1631          1.4353;
   148    1.835            2000            1633          1.4389;
   149    1.847            2000            1635          1.4426;
   150    1.859            2000            1637          1.4457;
   151    1.872            2000            1640          1.4487;
   152    1.884            2000            1642          1.4524;
   153    1.897            2000            1644          1.4554;
   154    1.909            2000            1646          1.4591;
   155    1.921            2000            1648          1.4621;
   156    1.934            2000            1651          1.4652;
   157    1.946            2000            1653          1.4689;
   158    1.959            2000            1654          1.4719;
   159    1.971            2000            1656          1.4750;
   160    1.983            2000            1657          1.4780;
   161    1.996            2000            1659          1.4817;
   162    2.008            2000            1660          1.4847;
   163    2.021            2000            1662          1.4878;
   164    2.033            2000            1664          1.4908;
   165    2.045            2000            1666          1.4939;
   166    2.058            2000            1669          1.4969;
   167    2.070            2000            1671          1.5000;
   168    2.083            2000            1675          1.5031;
   169    2.095            2000            1679          1.5055;
   170    2.107            2000            1684          1.5085;
   171    2.120            2000            1690          1.5110;
   172    2.132            2000            1695          1.5134;
   173    2.144            2000            1700          1.5159;
   174    2.157            2000            1704          1.5183;
   175    2.169            2000            1707          1.5208;
   176    2.182            2000            1710          1.5238;
   177    2.194            2000            1711          1.5263;
   178    2.206            2000            1712          1.5287;
   179    2.219            2000            1712          1.5317;
   180    2.231            2000            1713          1.5348;
   181    2.244            2000            1713          1.5372;
   182    2.256            2000            1713          1.5403;
   183    2.268            2000            1713          1.5427;
   184    2.281            2000            1714          1.5458;
   185    2.293            2000            1714          1.5482;
   186    2.306            2000            1715          1.5513;
   187    2.318            2000            1715          1.5537;
   188    2.330            2000            1716          1.5568;
   189    2.343            2000            1717          1.5592;
   190    2.355            2000            1719          1.5617;
   191    2.368            2000            1720          1.5647;
   192    2.380            2000            1722          1.5672;
   193    2.392            2000            1724          1.5696;
   194    2.405            2000            1726          1.5720;
   195    2.417            2000            1730          1.5745;
   196    2.430            2000            1734          1.5763;
   197    2.442            2000            1739          1.5788;
   198    2.454            2000            1745          1.5806;
   199    2.467            2000            1751          1.5824;
   200    2.479            2000            1758          1.5842;
   201    2.492            2000            1763          1.5861;
   202    2.504            2000            1768          1.5879;
   203    2.516            2000            1773          1.5897;
   204    2.529            2000            1776          1.5916;
   205    2.541            2000            1780          1.5934;
   206    2.554            2000            1783          1.5952;
   207    2.566            2000            1787          1.5971;
   208    2.578            2000            1791          1.5989;
   209    2.591            2000            1796          1.6007;
   210    2.603            2000            1800          1.6020;
   211    2.616            2000            1805          1.6038;
   212    2.628            2000            1808          1.6050;
   213    2.640            2000            1810          1.6068;
   214    2.653            2000            1811          1.6087;
   215    2.665            2000            1811          1.6105;
   216    2.678            2000            1811          1.6123;
   217    2.690            2000            1811          1.6142;
   218    2.702            2000            1811          1.6160;
   219    2.715            2000            1812          1.6178;
   220    2.727            2000            1812          1.6197;
   221    2.739            2000            1812          1.6215;
   222    2.752            2000            1812          1.6233;
   223    2.764            2000            1812          1.6252;
   224    2.777            2000            1812          1.6270;
   225    2.789            2000            1812          1.6288;
   226    2.801            2000            1813          1.6306;
   227    2.814            2000            1813          1.6325;
   228    2.826            2000            1813          1.6343;
   229    2.839            2000            1813          1.6361;
   230    2.851            2000            1814          1.6374;
   231    2.863            2000            1814          1.6392;
   232    2.876            2000            1815          1.6410;
   233    2.888            2000            1815          1.6429;
   234    2.901            2000            1816          1.6447;
   235    2.913            2000            1817          1.6465;
   236    2.925            2000            1818          1.6484;
   237    2.938            2000            1819          1.6496;
   238    2.950            2000            1820          1.6514;
   239    2.963            2000            1822          1.6532;
   240    2.975            2000            1824          1.6545;
   241    2.987            2000            1826          1.6563;
   242    3.000            2000            1828          1.6575;
   243    3.012            2000            1831          1.6587;
   244    3.025            2000            1833          1.6606;
   245    3.037            2000            1836          1.6618;
   246    3.049            2000            1838          1.6630;
   247    3.062            2000            1840          1.6648;
   248    3.074            2000            1843          1.6661;
   249    3.087            2000            1845          1.6673;
   250    3.099            2000            1846          1.6685;
   251    3.111            2000            1848          1.6697;
   252    3.124            2000            1850          1.6709;
   253    3.136            2000            1851          1.6728;
   254    3.149            2000            1852          1.6740;
   255    3.161            2000            1853          1.6752;
   256    3.173            2000            1854          1.6764;
   257    3.186            2000            1854          1.6783;
   258    3.198            2000            1855          1.6795;
   259    3.211            2000            1856          1.6807;
   260    3.223            2000            1857          1.6819;
   261    3.235            2000            1858          1.6832;
   262    3.248            2000            1859          1.6844;
   263    3.260            2000            1860          1.6856;
   264    3.273            2000            1862          1.6868;
   265    3.285            2000            1863          1.6880;
   266    3.297            2000            1865          1.6893;
   267    3.310            2000            1867          1.6905;
   268    3.322            2000            1870          1.6917;
   269    3.334            2000            1872          1.6929;
   270    3.347            2000            1875          1.6935;
   271    3.359            2000            1878          1.6947;
   272    3.372            2000            1882          1.6954;
   273    3.384            2000            1886          1.6960;
   274    3.396            2000            1889          1.6972;
   275    3.409            2000            1892          1.6978;
   276    3.421            2000            1896          1.6984;
   277    3.434            2000            1899          1.6990;
   278    3.446            2000            1902          1.6996;
   279    3.458            2000            1905          1.7002;
   280    3.471            2000            1908          1.7009;
   281    3.483            2000            1911          1.7015;
   282    3.496            2000            1913          1.7027;
   283    3.508            2000            1915          1.7033;
   284    3.520            2000            1917          1.7039;
   285    3.533            2000            1918          1.7045;
   286    3.545            2000            1919          1.7051;
   287    3.558            2000            1919          1.7057;
   288    3.570            2000            1920          1.7063;
   289    3.582            2000            1920          1.7076;
   290    3.595            2000            1920          1.7082;
   291    3.607            2000            1921          1.7088;
   292    3.620            2000            1921          1.7094;
   293    3.632            2000            1921          1.7106;
   294    3.644            2000            1921          1.7112;
   295    3.657            2000            1922          1.7118;
   296    3.669            2000            1922          1.7125;
   297    3.682            2000            1922          1.7131;
   298    3.694            2000            1922          1.7143;
   299    3.706            2000            1922          1.7149;
   300    3.719            2000            1923          1.7155;
   301    3.731            2000            1923          1.7161;
   302    3.744            2000            1923          1.7167;
   303    3.756            2000            1923          1.7179;
   304    3.768            2000            1924          1.7186;
   305    3.781            2000            1924          1.7192;
   306    3.793            2000            1924          1.7198;
   307    3.806            2000            1925          1.7204;
   308    3.818            2000            1925          1.7216;
   309    3.830            2000            1925          1.7222;
   310    3.843            2000            1926          1.7228;
   311    3.855            2000            1926          1.7234;
   312    3.868            2000            1927          1.7241;
   313    3.880            2000            1927          1.7247;
   314    3.892            2000            1928          1.7253;
   315    3.905            2000            1928          1.7259;
   316    3.917            2000            1929          1.7265;
   317    3.929            2000            1930          1.7271;
   318    3.942            2000            1930          1.7277;
   319    3.954            2000            1931          1.7283;
   320    3.967            2000            1932          1.7289;
   321    3.979            2000            1932          1.7295;
   322    3.991            2000            1933          1.7302;
   323    4.004            2000            1934          1.7308;
   324    4.016            2000            1935          1.7314;
   325    4.029            2000            1936          1.7320;
   326    4.041            2000            1937          1.7326;
   327    4.053            2000            1938          1.7332;
   328    4.066            2000            1939          1.7332;
   329    4.078            2000            1940          1.7338;
   330    4.091            2000            1941          1.7344;
   331    4.103            2000            1941          1.7350;
   332    4.115            2000            1942          1.7357;
   333    4.128            2000            1943          1.7363;
   334    4.140            2000            1943          1.7363;
   335    4.153            2000            1944          1.7369;
   336    4.165            2000            1944          1.7375;
   337    4.177            2000            1944          1.7381;
   338    4.190            2000            1945          1.7387;
   339    4.202            2000            1945          1.7393;
   340    4.215            2000            1946          1.7393;
   341    4.227            2000            1946          1.7399;
   342    4.239            2000            1946          1.7405;
   343    4.252            2000            1946          1.7411;
   344    4.264            2000            1947          1.7418;
   345    4.277            2000            1947          1.7418;
   346    4.289            2000            1947          1.7424;
   347    4.301            2000            1948          1.7430;
   348    4.314            2000            1948          1.7436;
   349    4.326            2000            1948          1.7442;
   350    4.339            2000            1948          1.7442;
   351    4.351            2000            1949          1.7448;
   352    4.363            2000            1949          1.7454;
   353    4.376            2000            1949          1.7460;
   354    4.388            2000            1950          1.7466;
   355    4.401            2000            1950          1.7466;
   356    4.413            2000            1950          1.7473;
   357    4.425            2000            1950          1.7479;
   358    4.438            2000            1950          1.7485;
   359    4.450            2000            1951          1.7485;
   360    4.463            2000            1951          1.7491;
   361    4.475            2000            1951          1.7497;
   362    4.487            2000            1951          1.7503;
   363    4.500            2000            1952          1.7503;
   364    4.512            2000            1952          1.7509;
   365    4.524            2000            1952          1.7515;
   366    4.537            2000            1952          1.7521;
   367    4.549            2000            1952          1.7521;
   368    4.562            2000            1953          1.7527;
   369    4.574            2000            1953          1.7534;
   370    4.586            2000            1953          1.7534;
   371    4.599            2000            1953          1.7540;
   372    4.611            2000            1954          1.7546;
   373    4.624            2000            1954          1.7552;
   374    4.636            2000            1954          1.7552;
   375    4.648            2000            1954          1.7558;
   376    4.661            2000            1955          1.7564;
   377    4.673            2000            1955          1.7564;
   378    4.686            2000            1955          1.7570;
   379    4.698            2000            1955          1.7576;
   380    4.710            2000            1955          1.7576;
   381    4.723            2000            1956          1.7582;
   382    4.735            2000            1956          1.7589;
   383    4.748            2000            1956          1.7589;
   384    4.760            2000            1956          1.7595;
   385    4.772            2000            1956          1.7601;
   386    4.785            2000            1957          1.7601;
   387    4.797            2000            1957          1.7607;
   388    4.810            2000            1957          1.7613;
   389    4.822            2000            1957          1.7613;
   390    4.834            2000            1957          1.7619;
   391    4.847            2000            1958          1.7625;
   392    4.859            2000            1958          1.7625;
   393    4.872            2000            1958          1.7631;
   394    4.884            2000            1958          1.7637;
   395    4.896            2000            1958          1.7637;
   396    4.909            2000            1959          1.7643;
   397    4.921            2000            1959          1.7650;
   398    4.934            2000            1959          1.7650;
   399    4.946            2000            1959          1.7656;
   400    4.958            2000            1959          1.7656;
   401    4.971            2000            1960          1.7662;
   402    4.983            2000            1960          1.7668;
   403    4.996            2000            1960          1.7668;
   404    5.008               0            1960          1.5720;
   405    5.020               0            1958          1.5531;
   406    5.033               0            1957          1.5342;
   407    5.045               0            1956          1.5153;
   408    5.058               0            1956          1.4957;
   409    5.070               0            1956          1.4768;
   410    5.082               0            1956          1.4579;
   411    5.095               0            1955          1.4383;
   412    5.107               0            1954          1.4194;
   413    5.119               0            1952          1.4005;
   414    5.132               0            1950          1.3816;
   415    5.144               0            1948          1.3632;
   416    5.157               0            1945          1.3443;
   417    5.169               0            1942          1.3254;
   418    5.181               0            1938          1.3071;
   419    5.194               0            1934          1.2882;
   420    5.206               0            1928          1.2698;
   421    5.219               0            1921          1.2515;
   422    5.231               0            1914          1.2338;
   423    5.243               0            1904          1.2161;
   424    5.256               0            1893          1.1984;
   425    5.268               0            1881          1.1813;
   426    5.281               0            1867          1.1642;
   427    5.293               0            1851          1.1471;
   428    5.305               0            1833          1.1306;
   429    5.318               0            1814          1.1148;
   430    5.330               0            1792          1.0995;
   431    5.343               0            1769          1.0842;
   432    5.355               0            1744          1.0690;
   433    5.367               0            1718          1.0543;
   434    5.380               0            1690          1.0403;
   435    5.392               0            1662          1.0263;
   436    5.405               0            1634          1.0128;
   437    5.417               0            1606          1.0000;
   438    5.429               0            1580          0.9866;
   439    5.442               0            1555          0.9737;
   440    5.454               0            1532          0.9609;
   441    5.467               0            1510          0.9475;
   442    5.479               0            1491          0.9347;
   443    5.491               0            1474          0.9219;
   444    5.504               0            1460          0.9090;
   445    5.516               0            1448          0.8956;
   446    5.529               0            1438          0.8828;
   447    5.541               0            1429          0.8694;
   448    5.553               0            1419          0.8565;
   449    5.566               0            1410          0.8437;
   450    5.578               0            1401          0.8309;
   451    5.591               0            1391          0.8181;
   452    5.603               0            1382          0.8053;
   453    5.615               0            1372          0.7924;
   454    5.628               0            1361          0.7802;
   455    5.640               0            1349          0.7680;
   456    5.653               0            1335          0.7564;
   457    5.665               0            1320          0.7448;
   458    5.677               0            1303          0.7332;
   459    5.690               0            1285          0.7222;
   460    5.702               0            1265          0.7118;
   461    5.714               0            1245          0.7015;
   462    5.727               0            1224          0.6911;
   463    5.739               0            1204          0.6813;
   464    5.752               0            1184          0.6716;
   465    5.764               0            1166          0.6618;
   466    5.776               0            1150          0.6520;
   467    5.789               0            1134          0.6422;
   468    5.801               0            1119          0.6325;
   469    5.814               0            1104          0.6227;
   470    5.826               0            1091          0.6136;
   471    5.838               0            1078          0.6038;
   472    5.851               0            1066          0.5946;
   473    5.863               0            1055          0.5855;
   474    5.876               0            1045          0.5757;
   475    5.888               0            1034          0.5665;
   476    5.900               0            1025          0.5574;
   477    5.913               0            1017          0.5482;
   478    5.925               0            1009          0.5391;
   479    5.938               0            1002          0.5299;
   480    5.950               0             993          0.5208;
   481    5.962               0             985          0.5122;
   482    5.975               0             975          0.5037;
   483    5.987               0             964          0.4951;
   484    6.000               0             952          0.4866;
   485    6.012               0             939          0.4786;
   486    6.024               0             926          0.4707;
   487    6.037               0             909          0.4634;
   488    6.049               0             891          0.4560;
   489    6.062               0             872          0.4493;
   490    6.074               0             852          0.4426;
   491    6.086               0             831          0.4365;
   492    6.099               0             811          0.4298;
   493    6.111               0             793          0.4237;
   494    6.124               0             777          0.4176;
   495    6.136               0             764          0.4115;
   496    6.148               0             754          0.4048;
   497    6.161               0             747          0.3980;
   498    6.173               0             743          0.3913;
   499    6.186               0             740          0.3846;
   500    6.198               0             739          0.3773;
   501    6.210               0             739          0.3700;
   502    6.223               0             739          0.3632;
   503    6.235               0             739          0.3559;
   504    6.248               0             739          0.3486;
   505    6.260               0             738          0.3413;
   506    6.272               0             738          0.3339;
   507    6.285               0             737          0.3272;
   508    6.297               0             736          0.3199;
   509    6.309               0             734          0.3132;
   510    6.322               0             732          0.3059;
   511    6.334               0             730          0.2991;
   512    6.347               0             728          0.2918;
   513    6.359               0             726          0.2851;
   514    6.371               0             723          0.2784;
   515    6.384               0             719          0.2717;
   516    6.396               0             715          0.2650;
   517    6.409               0             710          0.2582;
   518    6.421               0             703          0.2521;
   519    6.433               0             695          0.2460;
   520    6.446               0             685          0.2399;
   521    6.458               0             673          0.2344;
   522    6.471               0             659          0.2295;
   523    6.483               0             641          0.2247;
   524    6.495               0             620          0.2204;
   525    6.508               0             597          0.2167;
   526    6.520               0             572          0.2131;
   527    6.533               0             545          0.2100;
   528    6.545               0             517          0.2076;
   529    6.557               0             488          0.2051;
   530    6.570               0             458          0.2033;
   531    6.582               0             429          0.2015;
   532    6.595               0             399          0.2002;
   533    6.607               0             372          0.1990;
   534    6.619               0             348          0.1978;
   535    6.632               0             329          0.1966;
   536    6.644               0             315          0.1941;
   537    6.657               0             308          0.1923;
   538    6.669               0             306          0.1893;
   539    6.681               0             307          0.1862;
   540    6.694               0             309          0.1832;
   541    6.706               0             309          0.1801;
   542    6.719               0             309          0.1770;
   543    6.731               0             309          0.1740;
   544    6.743               0             309          0.1709;
   545    6.756               0             309          0.1679;
   546    6.768               0             309          0.1648;
   547    6.781               0             309          0.1618;
   548    6.793               0             309          0.1587;
   549    6.805               0             309          0.1557;
   550    6.818               0             309          0.1526;
   551    6.830               0             309          0.1496;
   552    6.843               0             309          0.1465;
   553    6.855               0             309          0.1435;
   554    6.867               0             309          0.1410;
   555    6.880               0             309          0.1380;
   556    6.892               0             309          0.1349;
   557    6.904               0             309          0.1319;
   558    6.917               0             309          0.1288;
   559    6.929               0             308          0.1258;
   560    6.942               0             308          0.1227;
   561    6.954               0             308          0.1197;
   562    6.966               0             308          0.1166;
   563    6.979               0             308          0.1136;
   564    6.991               0             308          0.1105;
   565    7.004               0             308          0.1074;
   566    7.016               0             308          0.1044;
   567    7.028               0             308          0.1020;
   568    7.041               0             308          0.0989;
   569    7.053               0             308          0.0958;
   570    7.066               0             308          0.0928;
   571    7.078               0             308          0.0897;
   572    7.090               0             307          0.0867;
   573    7.103               0             307          0.0836;
   574    7.115               0             307          0.0806;
   575    7.128               0             307          0.0775;
   576    7.140               0             307          0.0745;
   577    7.152               0             307          0.0714;
   578    7.165               0             307          0.0690;
   579    7.177               0             306          0.0659;
   580    7.190               0             306          0.0629;
   581    7.202               0             306          0.0598;
   582    7.214               0             306          0.0568;
   583    7.227               0             306          0.0537;
   584    7.239               0             305          0.0507;
   585    7.252               0             305          0.0482;
   586    7.264               0             304          0.0452;
   587    7.276               0             304          0.0421;
   588    7.289               0             303          0.0391;
   589    7.301               0             302          0.0366;
   590    7.314               0             301          0.0336;
   591    7.326               0             300          0.0305;
   592    7.338               0             298          0.0281;
   593    7.351               0             297          0.0250;
   594    7.363               0             295          0.0226;
   595    7.376               0             292          0.0195;
   596    7.388               0             290          0.0171;
   597    7.400               0             287          0.0147;
   598    7.413               0             285          0.0122;
   599    7.425               0             282          0.0092;
   600    7.438               0             280          0.0067;
   601    7.450               0             277          0.0043;
   602    7.462               0             275          0.0018;
   603    7.475               0             272         -0.0006;
   604    7.487               0             270         -0.0031;
   605    7.499               0             267         -0.0055;
   606    7.512               0             264         -0.0073;
   607    7.524               0             261         -0.0098;
   608    7.537               0             258         -0.0122;
   609    7.549               0             255         -0.0147;
   610    7.561               0             252         -0.0165;
   611    7.574               0             248         -0.0189;
   612    7.586               0             243         -0.0208;
   613    7.599               0             238         -0.0226;
   614    7.611               0             230         -0.0244;
   615    7.623               0             222         -0.0256;
   616    7.636               0             213         -0.0269;
   617    7.648               0             204         -0.0281;
   618    7.661               0             195         -0.0293;
   619    7.673               0             185         -0.0305;
   620    7.685               0             175         -0.0311;
   621    7.698               0             165         -0.0317;
   622    7.710               0             155         -0.0324;
   623    7.723               0             146         -0.0330;
   624    7.735               0             138         -0.0336;
   625    7.747               0             131         -0.0342;
   626    7.760               0             124         -0.0348;
   627    7.772               0             116         -0.0354;
   628    7.785               0             109         -0.0360;
   629    7.797               0             101         -0.0360;
   630    7.809               0              92         -0.0366;
   631    7.822               0              84         -0.0366;
   632    7.834               0              77         -0.0366;
   633    7.847               0              70         -0.0366;
   634    7.859               0              65         -0.0366;
   635    7.871               0              61         -0.0372;
   636    7.884               0              59         -0.0372;
   637    7.896               0              58         -0.0379;
   638    7.909               0              58         -0.0385;
   639    7.921               0              58         -0.0391;
   640    7.933               0              58         -0.0397;
   641    7.946               0              58         -0.0403;
   642    7.958               0              58         -0.0409;
   643    7.971               0              58         -0.0415;
   644    7.983               0              58         -0.0421;
   645    7.995               0              58         -0.0421;
   646    8.008               0              58         -0.0427;
   647    8.020               0              58         -0.0433;
   648    8.033               0              58         -0.0440;
   649    8.045               0              58         -0.0446;
   650    8.057               0              58         -0.0452;
   651    8.070               0              58         -0.0458;
   652    8.082               0              57         -0.0464;
   653    8.094               0              57         -0.0470;
   654    8.107               0              57         -0.0476;
   655    8.119               0              57         -0.0482;
   656    8.132               0              57         -0.0488;
   657    8.144               0              57         -0.0488;
   658    8.156               0              57         -0.0495;
   659    8.169               0              57         -0.0501;
   660    8.181               0              57         -0.0507;
   661    8.194               0              57         -0.0513;
   662    8.206               0              57         -0.0519;
   663    8.218               0              57         -0.0525;
   664    8.231               0              57         -0.0531;
   665    8.243               0              57         -0.0537;
   666    8.256               0              57         -0.0543;
   667    8.268               0              57         -0.0543;
   668    8.280               0              57         -0.0549;
   669    8.293               0              57         -0.0556;
   670    8.305               0              57         -0.0562;
   671    8.318               0              57         -0.0568;
   672    8.330               0              57         -0.0574;
   673    8.342               0              57         -0.0580;
   674    8.355               0              57         -0.0586;
   675    8.367               0              57         -0.0592;
   676    8.380               0              57         -0.0598;
   677    8.392               0              57         -0.0604;
   678    8.404               0              57         -0.0604;
   679    8.417               0              57         -0.0611;
   680    8.429               0              57         -0.0617;
   681    8.442               0              56         -0.0623;
   682    8.454               0              56         -0.0629;
   683    8.466               0              56         -0.0635;
   684    8.479               0              56         -0.0641;
   685    8.491               0              56         -0.0647;
   686    8.504               0              56         -0.0653;
   687    8.516               0              56         -0.0659;
   688    8.528               0              56         -0.0659;
   689    8.541               0              56         -0.0665;
   690    8.553               0              56         -0.0672;
   691    8.566               0              56         -0.0678;
   692    8.578               0              56         -0.0684;
   693    8.590               0              56         -0.0690;
   694    8.603               0              56         -0.0696;
   695    8.615               0              56         -0.0702;
   696    8.628               0              56         -0.0708;
   697    8.640               0              56         -0.0708;
   698    8.652               0              55         -0.0714;
   699    8.665               0              55         -0.0720;
   700    8.677               0              55         -0.0726;
   701    8.689               0              55         -0.0733;
   702    8.702               0              55         -0.0739;
   703    8.714               0              55         -0.0745;
   704    8.727               0              55         -0.0751;
   705    8.739               0              55         -0.0751;
   706    8.751               0              55         -0.0757;
   707    8.764               0              55         -0.0763;
   708    8.776               0              54         -0.0769;
   709    8.789               0              54         -0.0775;
   710    8.801               0              54         -0.0781;
   711    8.813               0              54         -0.0788;
   712    8.826               0              54         -0.0788;
   713    8.838               0              54         -0.0794;
   714    8.851               0              53         -0.0800;
   715    8.863               0              53         -0.0806;
   716    8.875               0              53         -0.0812;
   717    8.888               0              53         -0.0818;
   718    8.900               0              52         -0.0818;
   719    8.913               0              52         -0.0824;
   720    8.925               0              52         -0.0830;
   721    8.937               0              51         -0.0836;
   722    8.950               0              51         -0.0836;
   723    8.962               0              51         -0.0842;
   724    8.975               0              50         -0.0849;
   725    8.987               0              50         -0.0855;
   726    8.999               0              49         -0.0855;
   727    9.012               0              49         -0.0861;
   728    9.024               0              48         -0.0867;
   729    9.037               0              48         -0.0867;
   730    9.049               0              48         -0.0873;
   731    9.061               0              47         -0.0879;
   732    9.074               0              47         -0.0885;
   733    9.086               0              47         -0.0885;
   734    9.099               0              46         -0.0891;
   735    9.111               0              46         -0.0897;
   736    9.123               0              46         -0.0897;
   737    9.136               0              46         -0.0904;
   738    9.148               0              45         -0.0910;
   739    9.161               0              45         -0.0916;
   740    9.173               0              45         -0.0916;
   741    9.185               0              45         -0.0922;
   742    9.198               0              44         -0.0928;
   743    9.210               0              44         -0.0928;
   744    9.223               0              44         -0.0934;
   745    9.235               0              44         -0.0940;
   746    9.247               0              44         -0.0940;
   747    9.260               0              43         -0.0946;
   748    9.272               0              43         -0.0952;
   749    9.284               0              43         -0.0952;
   750    9.297               0              43         -0.0958;
   751    9.309               0              43         -0.0965;
   752    9.322               0              42         -0.0965;
   753    9.334               0              42         -0.0971;
   754    9.346               0              42         -0.0971;
   755    9.359               0              42         -0.0977;
   756    9.371               0              42         -0.0983;
   757    9.384               0              41         -0.0983;
   758    9.396               0              41         -0.0989;
   759    9.408               0              41         -0.0995;
   760    9.421               0              41         -0.0995;
   761    9.433               0              40         -0.1001;
   762    9.446               0              40         -0.1001;
   763    9.458               0              40         -0.1007;
   764    9.470               0              40         -0.1013;
   765    9.483               0              40         -0.1013;
   766    9.495               0              39         -0.1020;
   767    9.508               0              39         -0.1026;
   768    9.520               0              39         -0.1026;
   769    9.532               0              39         -0.1032;
   770    9.545               0              39         -0.1032;
   771    9.557               0              38         -0.1038;
   772    9.570               0              38         -0.1038;
   773    9.582               0              38         -0.1044;
   774    9.594               0              38         -0.1050;
   775    9.607               0              38         -0.1050;
   776    9.619               0              37         -0.1056;
   777    9.632               0              37         -0.1056;
   778    9.644               0              37         -0.1062;
   779    9.656               0              37         -0.1068;
   780    9.669               0              37         -0.1068;
   781    9.681               0              37         -0.1074;
   782    9.694               0              36         -0.1074;
   783    9.706               0              36         -0.1081;
   784    9.718               0              36         -0.1081;
   785    9.731               0              36         -0.1087;
   786    9.743               0              36         -0.1087;
   787    9.756               0              36         -0.1093;
   788    9.768               0              35         -0.1093;
   789    9.780               0              35         -0.1099;
   790    9.793               0              35         -0.1105;
   791    9.805               0              35         -0.1105;
   792    9.818               0              35         -0.1111;
   793    9.830               0              35         -0.1111;
   794    9.842               0              35         -0.1117;
   795    9.855               0              34         -0.1117;
   796    9.867               0              34         -0.1123;
   797    9.879               0              34         -0.1123;
   798    9.892               0              34         -0.1129;
   799    9.904               0              34         -0.1129;
   800    9.917               0              34         -0.1136;
   801    9.929               0              34         -0.1136;
   802    9.941               0              34         -0.1142;
   803    9.954               0              33         -0.1142;
   804    9.966               0              33         -0.1148;
   805    9.979               0              33         -0.1148]
