 Sample   Time     Commanded Pos   Encoder 1 Pos   Control Effort

[    0    0.000            2000               0          0.0421;
     1    0.012            2000               0          0.2375;
     2    0.025            2000               4          0.2766;
     3    0.037            2000              13          0.3150;
     4    0.050            2000              26          0.3529;
     5    0.062            2000              42          0.3901;
     6    0.074            2000              62          0.4267;
     7    0.087            2000              85          0.4628;
     8    0.099            2000             112          0.4976;
     9    0.112            2000             143          0.5317;
    10    0.124            2000             180          0.5653;
    11    0.136            2000             222          0.5971;
    12    0.149            2000             271          0.6276;
    13    0.161            2000             328          0.6569;
    14    0.174            2000             391          0.6838;
    15    0.186            2000             460          0.7094;
    16    0.198            2000             531          0.7332;
    17    0.211            2000             604          0.7552;
    18    0.223            2000             678          0.7759;
    19    0.236            2000             753          0.7955;
    20    0.248            2000             828          0.8132;
    21    0.260            2000             901          0.8291;
    22    0.273            2000             969          0.8443;
    23    0.285            2000            1032          0.8590;
    24    0.298            2000            1091          0.8724;
    25    0.310            2000            1142          0.8852;
    26    0.322            2000            1187          0.8974;
    27    0.335            2000            1225          0.9096;
    28    0.347            2000            1256          0.9219;
    29    0.359            2000            1277          0.9341;
    30    0.372            2000            1289          0.9469;
    31    0.384            2000            1293          0.9603;
    32    0.397            2000            1290          0.9744;
    33    0.409            2000            1287          0.9884;
    34    0.421            2000            1286          1.0024;
    35    0.434            2000            1287          1.0165;
    36    0.446            2000            1287          1.0305;
    37    0.459            2000            1287          1.0440;
    38    0.471            2000            1288          1.0580;
    39    0.483            2000            1288          1.0720;
    40    0.496            2000            1288          1.0861;
    41    0.508            2000            1288          1.0995;
    42    0.521            2000            1289          1.1136;
    43    0.533            2000            1290          1.1276;
    44    0.545            2000            1291          1.1410;
    45    0.558            2000            1291          1.1551;
    46    0.570            2000            1291          1.1691;
    47    0.583            2000            1292          1.1825;
    48    0.595            2000            1294          1.1966;
    49    0.607            2000            1296          1.2100;
    50    0.620            2000            1298          1.2234;
    51    0.632            2000            1301          1.2369;
    52    0.645            2000            1305          1.2503;
    53    0.657            2000            1311          1.2637;
    54    0.669            2000            1318          1.2766;
    55    0.682            2000            1329          1.2888;
    56    0.694            2000            1341          1.3010;
    57    0.707            2000            1356          1.3126;
    58    0.719            2000            1373          1.3236;
    59    0.731            2000            1392          1.3346;
    60    0.744            2000            1413          1.3443;
    61    0.756            2000            1436          1.3541;
    62    0.769            2000            1459          1.3626;
    63    0.781            2000            1484          1.3712;
    64    0.793            2000            1511          1.3791;
    65    0.806            2000            1540          1.3858;
    66    0.818            2000            1569          1.3926;
    67    0.831            2000            1597          1.3980;
    68    0.843            2000            1625          1.4035;
    69    0.855            2000            1651          1.4084;
    70    0.868            2000            1675          1.4133;
    71    0.880            2000            1696          1.4176;
    72    0.893            2000            1712          1.4219;
    73    0.905            2000            1725          1.4261;
    74    0.917            2000            1732          1.4304;
    75    0.930            2000            1735          1.4353;
    76    0.942            2000            1734          1.4408;
    77    0.954            2000            1734          1.4457;
    78    0.967            2000            1734          1.4512;
    79    0.979            2000            1734          1.4560;
    80    0.992            2000            1734          1.4615;
    81    1.004            2000            1734          1.4664;
    82    1.016            2000            1734          1.4719;
    83    1.029            2000            1734          1.4768;
    84    1.041            2000            1735          1.4823;
    85    1.054            2000            1735          1.4872;
    86    1.066            2000            1735          1.4927;
    87    1.078            2000            1735          1.4976;
    88    1.091            2000            1735          1.5031;
    89    1.103            2000            1735          1.5079;
    90    1.116            2000            1735          1.5134;
    91    1.128            2000            1735          1.5183;
    92    1.140            2000            1735          1.5238;
    93    1.153            2000            1735          1.5287;
    94    1.165            2000            1735          1.5342;
    95    1.178            2000            1735          1.5391;
    96    1.190            2000            1736          1.5440;
    97    1.202            2000            1736          1.5495;
    98    1.215            2000            1736          1.5543;
    99    1.227            2000            1737          1.5598;
   100    1.240            2000            1738          1.5647;
   101    1.252            2000            1739          1.5696;
   102    1.264            2000            1740          1.5745;
   103    1.277            2000            1742          1.5794;
   104    1.289            2000            1745          1.5842;
   105    1.302            2000            1748          1.5891;
   106    1.314            2000            1753          1.5940;
   107    1.326            2000            1758          1.5983;
   108    1.339            2000            1763          1.6026;
   109    1.351            2000            1767          1.6068;
   110    1.364            2000            1772          1.6105;
   111    1.376            2000            1777          1.6148;
   112    1.388            2000            1783          1.6184;
   113    1.401            2000            1790          1.6221;
   114    1.413            2000            1797          1.6258;
   115    1.426            2000            1805          1.6288;
   116    1.438            2000            1813          1.6319;
   117    1.450            2000            1821          1.6349;
   118    1.463            2000            1829          1.6380;
   119    1.475            2000            1835          1.6404;
   120    1.488            2000            1840          1.6435;
   121    1.500            2000            1843          1.6459;
   122    1.512            2000            1845          1.6490;
   123    1.525            2000            1847          1.6520;
   124    1.537            2000            1849          1.6545;
   125    1.549            2000            1851          1.6575;
   126    1.562            2000            1853          1.6600;
   127    1.574            2000            1855          1.6630;
   128    1.587            2000            1857          1.6654;
   129    1.599            2000            1860          1.6679;
   130    1.611            2000            1863          1.6703;
   131    1.624            2000            1867          1.6728;
   132    1.636            2000            1871          1.6752;
   133    1.649            2000            1874          1.6770;
   134    1.661            2000            1878          1.6795;
   135    1.673            2000            1881          1.6813;
   136    1.686            2000            1884          1.6838;
   137    1.698            2000            1886          1.6856;
   138    1.711            2000            1888          1.6874;
   139    1.723            2000            1890          1.6899;
   140    1.735            2000            1891          1.6917;
   141    1.748            2000            1892          1.6935;
   142    1.760            2000            1892          1.6960;
   143    1.773            2000            1892          1.6978;
   144    1.785            2000            1892          1.7002;
   145    1.797            2000            1893          1.7021;
   146    1.810            2000            1893          1.7039;
   147    1.822            2000            1893          1.7063;
   148    1.835            2000            1894          1.7082;
   149    1.847            2000            1894          1.7100;
   150    1.859            2000            1895          1.7125;
   151    1.872            2000            1895          1.7143;
   152    1.884            2000            1896          1.7161;
   153    1.897            2000            1896          1.7186;
   154    1.909            2000            1897          1.7204;
   155    1.921            2000            1898          1.7222;
   156    1.934            2000            1899          1.7241;
   157    1.946            2000            1900          1.7259;
   158    1.959            2000            1901          1.7277;
   159    1.971            2000            1903          1.7295;
   160    1.983            2000            1905          1.7314;
   161    1.996            2000            1907          1.7332;
   162    2.008            2000            1909          1.7344;
   163    2.021            2000            1911          1.7363;
   164    2.033            2000            1913          1.7381;
   165    2.045            2000            1915          1.7393;
   166    2.058            2000            1917          1.7411;
   167    2.070            2000            1919          1.7424;
   168    2.083            2000            1921          1.7436;
   169    2.095            2000            1923          1.7448;
   170    2.107            2000            1926          1.7460;
   171    2.120            2000            1929          1.7473;
   172    2.132            2000            1932          1.7485;
   173    2.144            2000            1934          1.7497;
   174    2.157            2000            1936          1.7509;
   175    2.169            2000            1938          1.7521;
   176    2.182            2000            1940          1.7527;
   177    2.194            2000            1942          1.7540;
   178    2.206            2000            1945          1.7546;
   179    2.219            2000            1948          1.7558;
   180    2.231            2000            1952          1.7564;
   181    2.244            2000            1956          1.7570;
   182    2.256            2000            1960          1.7576;
   183    2.268            2000            1963          1.7576;
   184    2.281            2000            1966          1.7582;
   185    2.293            2000            1969          1.7589;
   186    2.306            2000            1970          1.7589;
   187    2.318            2000            1971          1.7595;
   188    2.330            2000            1972          1.7601;
   189    2.343            2000            1972          1.7607;
   190    2.355            2000            1973          1.7613;
   191    2.368            2000            1973          1.7613;
   192    2.380            2000            1974          1.7619;
   193    2.392            2000            1974          1.7625;
   194    2.405            2000            1975          1.7631;
   195    2.417            2000            1975          1.7637;
   196    2.430            2000            1976          1.7637;
   197    2.442            2000            1977          1.7643;
   198    2.454            2000            1978          1.7643;
   199    2.467            2000            1979          1.7650;
   200    2.479            2000            1981          1.7650;
   201    2.492            2000            1982          1.7656;
   202    2.504            2000            1984          1.7656;
   203    2.516            2000            1986          1.7656;
   204    2.529            2000            1988          1.7662;
   205    2.541            2000            1990          1.7662;
   206    2.554            2000            1991          1.7662;
   207    2.566            2000            1991          1.7662;
   208    2.578            2000            1992          1.7662;
   209    2.591            2000            1992          1.7662;
   210    2.603            2000            1992          1.7668;
   211    2.616            2000            1992          1.7668;
   212    2.628            2000            1992          1.7668;
   213    2.640            2000            1992          1.7668;
   214    2.653            2000            1992          1.7668;
   215    2.665            2000            1992          1.7674;
   216    2.678            2000            1992          1.7674;
   217    2.690            2000            1992          1.7674;
   218    2.702            2000            1992          1.7674;
   219    2.715            2000            1992          1.7680;
   220    2.727            2000            1993          1.7680;
   221    2.739            2000            1993          1.7680;
   222    2.752            2000            1993          1.7680;
   223    2.764            2000            1993          1.7686;
   224    2.777            2000            1993          1.7686;
   225    2.789            2000            1993          1.7686;
   226    2.801            2000            1993          1.7686;
   227    2.814            2000            1993          1.7686;
   228    2.826            2000            1993          1.7692;
   229    2.839            2000            1993          1.7692;
   230    2.851            2000            1993          1.7692;
   231    2.863            2000            1993          1.7692;
   232    2.876            2000            1993          1.7692;
   233    2.888            2000            1993          1.7698;
   234    2.901            2000            1993          1.7698;
   235    2.913            2000            1993          1.7698;
   236    2.925            2000            1993          1.7698;
   237    2.938            2000            1993          1.7698;
   238    2.950            2000            1993          1.7705;
   239    2.963            2000            1993          1.7705;
   240    2.975            2000            1993          1.7705;
   241    2.987            2000            1993          1.7705;
   242    3.000            2000            1993          1.7711;
   243    3.012            2000            1993          1.7711;
   244    3.025            2000            1993          1.7711;
   245    3.037            2000            1993          1.7711;
   246    3.049            2000            1993          1.7711;
   247    3.062            2000            1993          1.7717;
   248    3.074            2000            1994          1.7717;
   249    3.087            2000            1994          1.7717;
   250    3.099            2000            1994          1.7717;
   251    3.111            2000            1994          1.7717;
   252    3.124            2000            1994          1.7723;
   253    3.136            2000            1994          1.7723;
   254    3.149            2000            1994          1.7723;
   255    3.161            2000            1994          1.7723;
   256    3.173            2000            1994          1.7723;
   257    3.186            2000            1994          1.7729;
   258    3.198            2000            1994          1.7729;
   259    3.211            2000            1994          1.7729;
   260    3.223            2000            1994          1.7729;
   261    3.235            2000            1994          1.7729;
   262    3.248            2000            1994          1.7729;
   263    3.260            2000            1994          1.7735;
   264    3.273            2000            1994          1.7735;
   265    3.285            2000            1994          1.7735;
   266    3.297            2000            1994          1.7735;
   267    3.310            2000            1994          1.7735;
   268    3.322            2000            1994          1.7741;
   269    3.334            2000            1994          1.7741;
   270    3.347            2000            1994          1.7741;
   271    3.359            2000            1994          1.7741;
   272    3.372            2000            1994          1.7741;
   273    3.384            2000            1994          1.7741;
   274    3.396            2000            1994          1.7747;
   275    3.409            2000            1994          1.7747;
   276    3.421            2000            1994          1.7747;
   277    3.434            2000            1994          1.7747;
   278    3.446            2000            1994          1.7747;
   279    3.458            2000            1994          1.7753;
   280    3.471            2000            1994          1.7753;
   281    3.483            2000            1994          1.7753;
   282    3.496            2000            1994          1.7753;
   283    3.508            2000            1994          1.7753;
   284    3.520            2000            1994          1.7753;
   285    3.533            2000            1994          1.7759;
   286    3.545            2000            1994          1.7759;
   287    3.558            2000            1994          1.7759;
   288    3.570            2000            1994          1.7759;
   289    3.582            2000            1994          1.7759;
   290    3.595            2000            1994          1.7759;
   291    3.607            2000            1994          1.7766;
   292    3.620            2000            1994          1.7766;
   293    3.632            2000            1994          1.7766;
   294    3.644            2000            1994          1.7766;
   295    3.657            2000            1994          1.7766;
   296    3.669            2000            1994          1.7766;
   297    3.682            2000            1994          1.7772;
   298    3.694            2000            1994          1.7772;
   299    3.706            2000            1994          1.7772;
   300    3.719            2000            1994          1.7772;
   301    3.731            2000            1994          1.7772;
   302    3.744            2000            1994          1.7778;
   303    3.756            2000            1994          1.7778;
   304    3.768            2000            1994          1.7778;
   305    3.781            2000            1994          1.7778;
   306    3.793            2000            1994          1.7778;
   307    3.806            2000            1994          1.7778;
   308    3.818            2000            1994          1.7784;
   309    3.830            2000            1994          1.7784;
   310    3.843            2000            1995          1.7784;
   311    3.855            2000            1995          1.7784;
   312    3.868            2000            1995          1.7784;
   313    3.880            2000            1995          1.7784;
   314    3.892            2000            1995          1.7790;
   315    3.905            2000            1995          1.7790;
   316    3.917            2000            1995          1.7790;
   317    3.929            2000            1995          1.7790;
   318    3.942            2000            1995          1.7790;
   319    3.954            2000            1995          1.7790;
   320    3.967            2000            1995          1.7796;
   321    3.979            2000            1995          1.7796;
   322    3.991            2000            1995          1.7796;
   323    4.004            2000            1995          1.7796;
   324    4.016            2000            1995          1.7796;
   325    4.029            2000            1995          1.7796;
   326    4.041            2000            1995          1.7802;
   327    4.053            2000            1995          1.7802;
   328    4.066            2000            1995          1.7802;
   329    4.078            2000            1995          1.7802;
   330    4.091            2000            1995          1.7802;
   331    4.103            2000            1995          1.7802;
   332    4.115            2000            1995          1.7808;
   333    4.128            2000            1995          1.7808;
   334    4.140            2000            1995          1.7808;
   335    4.153            2000            1995          1.7808;
   336    4.165            2000            1995          1.7808;
   337    4.177            2000            1995          1.7808;
   338    4.190            2000            1995          1.7814;
   339    4.202            2000            1995          1.7814;
   340    4.215            2000            1995          1.7814;
   341    4.227            2000            1995          1.7814;
   342    4.239            2000            1995          1.7814;
   343    4.252            2000            1995          1.7814;
   344    4.264            2000            1995          1.7821;
   345    4.277            2000            1995          1.7821;
   346    4.289            2000            1995          1.7821;
   347    4.301            2000            1995          1.7821;
   348    4.314            2000            1995          1.7821;
   349    4.326            2000            1995          1.7821;
   350    4.339            2000            1995          1.7821;
   351    4.351            2000            1995          1.7827;
   352    4.363            2000            1995          1.7827;
   353    4.376            2000            1995          1.7827;
   354    4.388            2000            1995          1.7827;
   355    4.401            2000            1995          1.7827;
   356    4.413            2000            1995          1.7827;
   357    4.425            2000            1995          1.7827;
   358    4.438            2000            1995          1.7833;
   359    4.450            2000            1995          1.7833;
   360    4.463            2000            1995          1.7833;
   361    4.475            2000            1995          1.7833;
   362    4.487            2000            1995          1.7833;
   363    4.500            2000            1995          1.7833;
   364    4.512            2000            1995          1.7833;
   365    4.524            2000            1995          1.7839;
   366    4.537            2000            1995          1.7839;
   367    4.549            2000            1995          1.7839;
   368    4.562            2000            1995          1.7839;
   369    4.574            2000            1995          1.7839;
   370    4.586            2000            1995          1.7839;
   371    4.599            2000            1995          1.7839;
   372    4.611            2000            1995          1.7845;
   373    4.624            2000            1995          1.7845;
   374    4.636            2000            1995          1.7845;
   375    4.648            2000            1995          1.7845;
   376    4.661            2000            1995          1.7845;
   377    4.673            2000            1995          1.7845;
   378    4.686            2000            1995          1.7851;
   379    4.698            2000            1995          1.7851;
   380    4.710            2000            1995          1.7851;
   381    4.723            2000            1995          1.7851;
   382    4.735            2000            1995          1.7851;
   383    4.748            2000            1995          1.7851;
   384    4.760            2000            1995          1.7851;
   385    4.772            2000            1995          1.7857;
   386    4.785            2000            1995          1.7857;
   387    4.797            2000            1995          1.7857;
   388    4.810            2000            1995          1.7857;
   389    4.822            2000            1995          1.7857;
   390    4.834            2000            1995          1.7857;
   391    4.847            2000            1995          1.7857;
   392    4.859            2000            1995          1.7863;
   393    4.872            2000            1995          1.7863;
   394    4.884            2000            1995          1.7863;
   395    4.896            2000            1995          1.7863;
   396    4.909            2000            1995          1.7863;
   397    4.921            2000            1995          1.7863;
   398    4.934            2000            1995          1.7863;
   399    4.946            2000            1995          1.7869;
   400    4.958            2000            1995          1.7869;
   401    4.971            2000            1995          1.7869;
   402    4.983            2000            1995          1.7869;
   403    4.996            2000            1995          1.7869;
   404    5.008               0            1995          1.5916;
   405    5.020               0            1993          1.5531;
   406    5.033               0            1992          1.5140;
   407    5.045               0            1991          1.4756;
   408    5.058               0            1990          1.4365;
   409    5.070               0            1989          1.3974;
   410    5.082               0            1987          1.3590;
   411    5.095               0            1982          1.3205;
   412    5.107               0            1976          1.2821;
   413    5.119               0            1966          1.2442;
   414    5.132               0            1953          1.2070;
   415    5.144               0            1937          1.1703;
   416    5.157               0            1917          1.1337;
   417    5.169               0            1892          1.0983;
   418    5.181               0            1862          1.0641;
   419    5.194               0            1827          1.0305;
   420    5.206               0            1787          0.9982;
   421    5.219               0            1742          0.9670;
   422    5.231               0            1692          0.9377;
   423    5.243               0            1638          0.9090;
   424    5.256               0            1581          0.8822;
   425    5.268               0            1521          0.8565;
   426    5.281               0            1460          0.8321;
   427    5.293               0            1398          0.8095;
   428    5.305               0            1336          0.7875;
   429    5.318               0            1275          0.7668;
   430    5.330               0            1214          0.7473;
   431    5.343               0            1155          0.7289;
   432    5.355               0            1101          0.7112;
   433    5.367               0            1051          0.6947;
   434    5.380               0            1007          0.6783;
   435    5.392               0             967          0.6624;
   436    5.405               0             932          0.6465;
   437    5.417               0             903          0.6313;
   438    5.429               0             879          0.6160;
   439    5.442               0             859          0.6007;
   440    5.454               0             844          0.5855;
   441    5.467               0             836          0.5702;
   442    5.479               0             833          0.5543;
   443    5.491               0             834          0.5379;
   444    5.504               0             835          0.5214;
   445    5.516               0             834          0.5049;
   446    5.529               0             834          0.4890;
   447    5.541               0             834          0.4725;
   448    5.553               0             834          0.4560;
   449    5.566               0             834          0.4402;
   450    5.578               0             833          0.4237;
   451    5.591               0             832          0.4072;
   452    5.603               0             831          0.3913;
   453    5.615               0             829          0.3755;
   454    5.628               0             825          0.3596;
   455    5.640               0             820          0.3437;
   456    5.653               0             812          0.3284;
   457    5.665               0             803          0.3132;
   458    5.677               0             792          0.2985;
   459    5.690               0             779          0.2839;
   460    5.702               0             764          0.2698;
   461    5.714               0             747          0.2564;
   462    5.727               0             726          0.2436;
   463    5.739               0             704          0.2314;
   464    5.752               0             678          0.2198;
   465    5.764               0             651          0.2088;
   466    5.776               0             621          0.1990;
   467    5.789               0             588          0.1893;
   468    5.801               0             552          0.1813;
   469    5.814               0             515          0.1734;
   470    5.826               0             475          0.1673;
   471    5.838               0             434          0.1612;
   472    5.851               0             392          0.1563;
   473    5.863               0             351          0.1526;
   474    5.876               0             313          0.1496;
   475    5.888               0             280          0.1465;
   476    5.900               0             251          0.1435;
   477    5.913               0             228          0.1410;
   478    5.925               0             210          0.1386;
   479    5.938               0             197          0.1355;
   480    5.950               0             188          0.1325;
   481    5.962               0             183          0.1294;
   482    5.975               0             183          0.1264;
   483    5.987               0             184          0.1227;
   484    6.000               0             185          0.1190;
   485    6.012               0             185          0.1154;
   486    6.024               0             184          0.1117;
   487    6.037               0             184          0.1081;
   488    6.049               0             184          0.1044;
   489    6.062               0             184          0.1007;
   490    6.074               0             184          0.0971;
   491    6.086               0             184          0.0934;
   492    6.099               0             184          0.0904;
   493    6.111               0             184          0.0867;
   494    6.124               0             184          0.0830;
   495    6.136               0             184          0.0794;
   496    6.148               0             184          0.0757;
   497    6.161               0             184          0.0720;
   498    6.173               0             184          0.0684;
   499    6.186               0             184          0.0647;
   500    6.198               0             184          0.0611;
   501    6.210               0             184          0.0580;
   502    6.223               0             184          0.0543;
   503    6.235               0             184          0.0507;
   504    6.248               0             183          0.0470;
   505    6.260               0             183          0.0433;
   506    6.272               0             183          0.0397;
   507    6.285               0             183          0.0360;
   508    6.297               0             183          0.0324;
   509    6.309               0             183          0.0293;
   510    6.322               0             183          0.0256;
   511    6.334               0             183          0.0220;
   512    6.347               0             183          0.0183;
   513    6.359               0             182          0.0147;
   514    6.371               0             182          0.0110;
   515    6.384               0             182          0.0079;
   516    6.396               0             181          0.0043;
   517    6.409               0             181          0.0006;
   518    6.421               0             181         -0.0031;
   519    6.433               0             180         -0.0061;
   520    6.446               0             179         -0.0098;
   521    6.458               0             178         -0.0134;
   522    6.471               0             178         -0.0165;
   523    6.483               0             177         -0.0201;
   524    6.495               0             176         -0.0232;
   525    6.508               0             174         -0.0269;
   526    6.520               0             174         -0.0299;
   527    6.533               0             172         -0.0336;
   528    6.545               0             171         -0.0366;
   529    6.557               0             170         -0.0397;
   530    6.570               0             169         -0.0427;
   531    6.582               0             168         -0.0464;
   532    6.595               0             167         -0.0495;
   533    6.607               0             166         -0.0525;
   534    6.619               0             165         -0.0556;
   535    6.632               0             164         -0.0586;
   536    6.644               0             163         -0.0623;
   537    6.657               0             161         -0.0653;
   538    6.669               0             160         -0.0684;
   539    6.681               0             159         -0.0708;
   540    6.694               0             157         -0.0739;
   541    6.706               0             155         -0.0769;
   542    6.719               0             153         -0.0800;
   543    6.731               0             151         -0.0824;
   544    6.743               0             150         -0.0855;
   545    6.756               0             148         -0.0885;
   546    6.768               0             146         -0.0910;
   547    6.781               0             144         -0.0934;
   548    6.793               0             142         -0.0965;
   549    6.805               0             139         -0.0989;
   550    6.818               0             136         -0.1013;
   551    6.830               0             131         -0.1038;
   552    6.843               0             124         -0.1056;
   553    6.855               0             114         -0.1074;
   554    6.867               0             103         -0.1087;
   555    6.880               0              90         -0.1093;
   556    6.892               0              76         -0.1099;
   557    6.904               0              60         -0.1099;
   558    6.917               0              45         -0.1099;
   559    6.929               0              30         -0.1093;
   560    6.942               0              16         -0.1087;
   561    6.954               0               5         -0.1081;
   562    6.966               0              -1         -0.1074;
   563    6.979               0              -4         -0.1068;
   564    6.991               0              -2         -0.1068;
   565    7.004               0              -1         -0.1068;
   566    7.016               0              -1         -0.1068;
   567    7.028               0              -1         -0.1068;
   568    7.041               0              -1         -0.1068;
   569    7.053               0              -1         -0.1068;
   570    7.066               0              -1         -0.1068;
   571    7.078               0              -1         -0.1068;
   572    7.090               0              -1         -0.1068;
   573    7.103               0              -1         -0.1068;
   574    7.115               0              -1         -0.1068;
   575    7.128               0              -1         -0.1068;
   576    7.140               0              -1         -0.1068;
   577    7.152               0              -1         -0.1068;
   578    7.165               0              -1         -0.1068;
   579    7.177               0              -1         -0.1068;
   580    7.190               0              -1         -0.1068;
   581    7.202               0              -1         -0.1068;
   582    7.214               0              -1         -0.1068;
   583    7.227               0              -1         -0.1068;
   584    7.239               0              -1         -0.1068;
   585    7.252               0              -1         -0.1068;
   586    7.264               0              -1         -0.1068;
   587    7.276               0              -1         -0.1068;
   588    7.289               0              -1         -0.1068;
   589    7.301               0              -1         -0.1068;
   590    7.314               0              -1         -0.1068;
   591    7.326               0              -1         -0.1068;
   592    7.338               0              -1         -0.1068;
   593    7.351               0              -1         -0.1068;
   594    7.363               0              -1         -0.1068;
   595    7.376               0              -1         -0.1068;
   596    7.388               0              -1         -0.1068;
   597    7.400               0              -1         -0.1068;
   598    7.413               0              -1         -0.1068;
   599    7.425               0              -1         -0.1068;
   600    7.438               0              -1         -0.1068;
   601    7.450               0              -1         -0.1068;
   602    7.462               0              -1         -0.1068;
   603    7.475               0              -1         -0.1068;
   604    7.487               0              -1         -0.1068;
   605    7.499               0              -1         -0.1068;
   606    7.512               0              -1         -0.1068;
   607    7.524               0              -1         -0.1068;
   608    7.537               0              -1         -0.1068;
   609    7.549               0              -1         -0.1068;
   610    7.561               0              -1         -0.1068;
   611    7.574               0              -1         -0.1062;
   612    7.586               0              -1         -0.1062;
   613    7.599               0              -1         -0.1062;
   614    7.611               0              -1         -0.1062;
   615    7.623               0              -1         -0.1062;
   616    7.636               0              -1         -0.1062;
   617    7.648               0              -1         -0.1062;
   618    7.661               0              -1         -0.1062;
   619    7.673               0              -1         -0.1062;
   620    7.685               0              -1         -0.1062;
   621    7.698               0              -1         -0.1062;
   622    7.710               0              -1         -0.1062;
   623    7.723               0              -1         -0.1062;
   624    7.735               0              -1         -0.1062;
   625    7.747               0              -1         -0.1062;
   626    7.760               0              -1         -0.1062;
   627    7.772               0              -1         -0.1062;
   628    7.785               0              -1         -0.1062;
   629    7.797               0              -1         -0.1062;
   630    7.809               0              -1         -0.1062;
   631    7.822               0              -1         -0.1062;
   632    7.834               0              -1         -0.1062;
   633    7.847               0              -1         -0.1062;
   634    7.859               0              -1         -0.1062;
   635    7.871               0              -1         -0.1062;
   636    7.884               0              -1         -0.1062;
   637    7.896               0              -1         -0.1062;
   638    7.909               0              -1         -0.1062;
   639    7.921               0              -1         -0.1062;
   640    7.933               0              -1         -0.1062;
   641    7.946               0              -1         -0.1062;
   642    7.958               0              -1         -0.1062;
   643    7.971               0              -1         -0.1062;
   644    7.983               0              -1         -0.1062;
   645    7.995               0              -1         -0.1062;
   646    8.008               0              -1         -0.1062;
   647    8.020               0              -1         -0.1062;
   648    8.033               0              -1         -0.1062;
   649    8.045               0              -1         -0.1062;
   650    8.057               0              -1         -0.1062;
   651    8.070               0              -1         -0.1062;
   652    8.082               0              -1         -0.1062;
   653    8.094               0              -1         -0.1062;
   654    8.107               0              -1         -0.1062;
   655    8.119               0              -1         -0.1062;
   656    8.132               0              -1         -0.1062;
   657    8.144               0              -1         -0.1062;
   658    8.156               0              -1         -0.1062;
   659    8.169               0              -1         -0.1062;
   660    8.181               0              -1         -0.1062;
   661    8.194               0              -1         -0.1062;
   662    8.206               0              -1         -0.1062;
   663    8.218               0              -1         -0.1062;
   664    8.231               0              -1         -0.1062;
   665    8.243               0              -1         -0.1062;
   666    8.256               0              -1         -0.1062;
   667    8.268               0              -1         -0.1062;
   668    8.280               0              -1         -0.1062;
   669    8.293               0              -1         -0.1062;
   670    8.305               0              -1         -0.1062;
   671    8.318               0              -1         -0.1062;
   672    8.330               0              -1         -0.1062;
   673    8.342               0              -1         -0.1062;
   674    8.355               0              -1         -0.1062;
   675    8.367               0              -1         -0.1056;
   676    8.380               0              -1         -0.1056;
   677    8.392               0              -1         -0.1056;
   678    8.404               0              -1         -0.1056;
   679    8.417               0              -1         -0.1056;
   680    8.429               0              -1         -0.1056;
   681    8.442               0              -1         -0.1056;
   682    8.454               0              -1         -0.1056;
   683    8.466               0              -1         -0.1056;
   684    8.479               0              -1         -0.1056;
   685    8.491               0              -1         -0.1056;
   686    8.504               0              -1         -0.1056;
   687    8.516               0              -1         -0.1056;
   688    8.528               0              -1         -0.1056;
   689    8.541               0              -1         -0.1056;
   690    8.553               0              -1         -0.1056;
   691    8.566               0              -1         -0.1056;
   692    8.578               0              -1         -0.1056;
   693    8.590               0              -1         -0.1056;
   694    8.603               0              -1         -0.1056;
   695    8.615               0              -1         -0.1056;
   696    8.628               0              -1         -0.1056;
   697    8.640               0              -1         -0.1056;
   698    8.652               0              -1         -0.1056;
   699    8.665               0              -1         -0.1056;
   700    8.677               0              -1         -0.1056;
   701    8.689               0              -1         -0.1056;
   702    8.702               0              -1         -0.1056;
   703    8.714               0              -1         -0.1056;
   704    8.727               0              -1         -0.1056;
   705    8.739               0              -1         -0.1056;
   706    8.751               0              -1         -0.1056;
   707    8.764               0              -1         -0.1056;
   708    8.776               0              -1         -0.1056;
   709    8.789               0              -1         -0.1056;
   710    8.801               0              -1         -0.1056;
   711    8.813               0              -1         -0.1056;
   712    8.826               0              -1         -0.1056;
   713    8.838               0              -1         -0.1056;
   714    8.851               0              -1         -0.1056;
   715    8.863               0              -1         -0.1056;
   716    8.875               0              -1         -0.1056;
   717    8.888               0              -1         -0.1056;
   718    8.900               0              -1         -0.1056;
   719    8.913               0              -1         -0.1056;
   720    8.925               0              -1         -0.1056;
   721    8.937               0              -1         -0.1056;
   722    8.950               0              -1         -0.1056;
   723    8.962               0              -1         -0.1056;
   724    8.975               0              -1         -0.1056;
   725    8.987               0              -1         -0.1056;
   726    8.999               0              -1         -0.1056;
   727    9.012               0              -1         -0.1056;
   728    9.024               0              -1         -0.1056;
   729    9.037               0              -1         -0.1056;
   730    9.049               0              -1         -0.1056;
   731    9.061               0              -1         -0.1056;
   732    9.074               0              -1         -0.1056;
   733    9.086               0              -1         -0.1056;
   734    9.099               0              -1         -0.1056;
   735    9.111               0              -1         -0.1056;
   736    9.123               0              -1         -0.1056;
   737    9.136               0              -1         -0.1056;
   738    9.148               0              -1         -0.1056;
   739    9.161               0              -1         -0.1050;
   740    9.173               0              -1         -0.1050;
   741    9.185               0              -1         -0.1050;
   742    9.198               0              -1         -0.1050;
   743    9.210               0              -1         -0.1050;
   744    9.223               0              -1         -0.1050;
   745    9.235               0              -1         -0.1050;
   746    9.247               0              -1         -0.1050;
   747    9.260               0              -1         -0.1050;
   748    9.272               0              -1         -0.1050;
   749    9.284               0              -1         -0.1050;
   750    9.297               0              -1         -0.1050;
   751    9.309               0              -1         -0.1050;
   752    9.322               0              -1         -0.1050;
   753    9.334               0              -1         -0.1050;
   754    9.346               0              -1         -0.1050;
   755    9.359               0              -1         -0.1050;
   756    9.371               0              -1         -0.1050;
   757    9.384               0              -1         -0.1050;
   758    9.396               0              -1         -0.1050;
   759    9.408               0              -1         -0.1050;
   760    9.421               0              -1         -0.1050;
   761    9.433               0              -1         -0.1050;
   762    9.446               0              -1         -0.1050;
   763    9.458               0              -1         -0.1050;
   764    9.470               0              -1         -0.1050;
   765    9.483               0              -1         -0.1050;
   766    9.495               0              -1         -0.1050;
   767    9.508               0              -1         -0.1050;
   768    9.520               0              -1         -0.1050;
   769    9.532               0              -1         -0.1050;
   770    9.545               0              -1         -0.1050;
   771    9.557               0              -1         -0.1050;
   772    9.570               0              -1         -0.1050;
   773    9.582               0              -1         -0.1050;
   774    9.594               0              -1         -0.1050;
   775    9.607               0              -1         -0.1050;
   776    9.619               0              -1         -0.1050;
   777    9.632               0              -1         -0.1050;
   778    9.644               0              -1         -0.1050;
   779    9.656               0              -1         -0.1050;
   780    9.669               0              -1         -0.1050;
   781    9.681               0              -1         -0.1050;
   782    9.694               0              -1         -0.1050;
   783    9.706               0              -1         -0.1050;
   784    9.718               0              -1         -0.1050;
   785    9.731               0              -1         -0.1050;
   786    9.743               0              -1         -0.1050;
   787    9.756               0              -1         -0.1050;
   788    9.768               0              -1         -0.1050;
   789    9.780               0              -1         -0.1050;
   790    9.793               0              -1         -0.1050;
   791    9.805               0              -1         -0.1050;
   792    9.818               0              -1         -0.1050;
   793    9.830               0              -1         -0.1050;
   794    9.842               0              -1         -0.1050;
   795    9.855               0              -1         -0.1050;
   796    9.867               0              -1         -0.1050;
   797    9.879               0              -1         -0.1050;
   798    9.892               0              -1         -0.1050;
   799    9.904               0              -1         -0.1050;
   800    9.917               0              -1         -0.1050;
   801    9.929               0              -1         -0.1050;
   802    9.941               0              -1         -0.1050;
   803    9.954               0              -1         -0.1044;
   804    9.966               0              -1         -0.1044;
   805    9.979               0              -1         -0.1044]
