 Sample   Time     Commanded Pos   Encoder 1 Pos   Encoder 2 Pos   Encoder 3 Pos 

[    0    0.000            2000               0               0               0;
     1    0.012            2000              21               0               0;
     2    0.025            2000             107               0               0;
     3    0.037            2000             241               0               0;
     4    0.050            2000             419               0               0;
     5    0.062            2000             634               0               0;
     6    0.074            2000             870               1               0;
     7    0.087            2000            1112               1               0;
     8    0.099            2000            1349               1               0;
     9    0.112            2000            1564               1               0;
    10    0.124            2000            1745               1               0;
    11    0.136            2000            1881               1               0;
    12    0.149            2000            1962               2               0;
    13    0.161            2000            1986               2               0;
    14    0.174            2000            1957               2               0;
    15    0.186            2000            1881               2               0;
    16    0.198            2000            1769               2               0;
    17    0.211            2000            1625               2               0;
    18    0.223            2000            1458               2               0;
    19    0.236            2000            1279               1               0;
    20    0.248            2000            1098               1               0;
    21    0.260            2000             928               1               0;
    22    0.273            2000             777               1               0;
    23    0.285            2000             656               1               0;
    24    0.298            2000             572               1               0;
    25    0.310            2000             527               1               0;
    26    0.322            2000             523               1               0;
    27    0.335            2000             551               1               0;
    28    0.347            2000             612               1               0;
    29    0.359            2000             700               1               0;
    30    0.372            2000             809               1               0;
    31    0.384            2000             931               1               0;
    32    0.397            2000            1060               1               0;
    33    0.409            2000            1187               1               0;
    34    0.421            2000            1305               1               0;
    35    0.434            2000            1406               1               0;
    36    0.446            2000            1480               1               0;
    37    0.459            2000            1527               1               0;
    38    0.471            2000            1543               1               0;
    39    0.483            2000            1536               1               0;
    40    0.496            2000            1503               1               0;
    41    0.508            2000            1454               1               0;
    42    0.521            2000            1393               1               0;
    43    0.533            2000            1323               1               0;
    44    0.545            2000            1248               1               0;
    45    0.558            2000            1173               1               0;
    46    0.570            2000            1103               1               0;
    47    0.583            2000            1042               1               0;
    48    0.595            2000             994               1               0;
    49    0.607            2000             963               1               0;
    50    0.620            2000             950               1               0;
    51    0.632            2000             952               1               0;
    52    0.645            2000             962               1               0;
    53    0.657            2000             984               1               0;
    54    0.669            2000            1010               1               0;
    55    0.682            2000            1037               1               0;
    56    0.694            2000            1066               1               0;
    57    0.707            2000            1093               1               0;
    58    0.719            2000            1116               1               0;
    59    0.731            2000            1135               1               0;
    60    0.744            2000            1146               1               0;
    61    0.756            2000            1151               1               0;
    62    0.769            2000            1150               1               0;
    63    0.781            2000            1150               1               0;
    64    0.793            2000            1150               1               0;
    65    0.806            2000            1150               1               0;
    66    0.818            2000            1150               1               0;
    67    0.831            2000            1150               1               0;
    68    0.843            2000            1150               1               0;
    69    0.855            2000            1150               1               0;
    70    0.868            2000            1150               1               0;
    71    0.880            2000            1150               1               0;
    72    0.893            2000            1150               1               0;
    73    0.905            2000            1150               1               0;
    74    0.917            2000            1150               1               0;
    75    0.930            2000            1150               1               0;
    76    0.942            2000            1150               1               0;
    77    0.954            2000            1150               1               0;
    78    0.967            2000            1150               1               0;
    79    0.979            2000            1150               1               0;
    80    0.992            2000            1150               1               0;
    81    1.004            2000            1150               1               0;
    82    1.016            2000            1150               1               0;
    83    1.029            2000            1150               1               0;
    84    1.041            2000            1150               1               0;
    85    1.054            2000            1150               1               0;
    86    1.066            2000            1150               1               0;
    87    1.078            2000            1150               1               0;
    88    1.091            2000            1150               1               0;
    89    1.103            2000            1150               1               0;
    90    1.116            2000            1150               1               0;
    91    1.128            2000            1150               1               0;
    92    1.140            2000            1150               1               0;
    93    1.153            2000            1150               1               0;
    94    1.165            2000            1150               1               0;
    95    1.178            2000            1150               1               0;
    96    1.190            2000            1150               1               0;
    97    1.202            2000            1150               1               0;
    98    1.215            2000            1150               1               0;
    99    1.227            2000            1150               1               0;
   100    1.240            2000            1150               1               0;
   101    1.252            2000            1150               1               0;
   102    1.264            2000            1150               1               0;
   103    1.277            2000            1150               1               0;
   104    1.289            2000            1150               1               0;
   105    1.302            2000            1150               1               0;
   106    1.314            2000            1150               1               0;
   107    1.326            2000            1150               1               0;
   108    1.339            2000            1150               1               0;
   109    1.351            2000            1150               1               0;
   110    1.364            2000            1150               1               0;
   111    1.376            2000            1150               1               0;
   112    1.388            2000            1150               1               0;
   113    1.401            2000            1150               1               0;
   114    1.413            2000            1150               1               0;
   115    1.426            2000            1150               1               0;
   116    1.438            2000            1150               1               0;
   117    1.450            2000            1150               1               0;
   118    1.463            2000            1150               1               0;
   119    1.475            2000            1150               1               0;
   120    1.488            2000            1150               1               0;
   121    1.500            2000            1150               1               0;
   122    1.512            2000            1150               1               0;
   123    1.525            2000            1150               1               0;
   124    1.537            2000            1150               1               0;
   125    1.549            2000            1150               1               0;
   126    1.562            2000            1150               1               0;
   127    1.574            2000            1150               1               0;
   128    1.587            2000            1150               1               0;
   129    1.599            2000            1150               1               0;
   130    1.611            2000            1150               1               0;
   131    1.624            2000            1150               1               0;
   132    1.636            2000            1150               1               0;
   133    1.649            2000            1150               1               0;
   134    1.661            2000            1150               1               0;
   135    1.673            2000            1150               1               0;
   136    1.686            2000            1150               1               0;
   137    1.698            2000            1150               1               0;
   138    1.711            2000            1150               1               0;
   139    1.723            2000            1150               1               0;
   140    1.735            2000            1150               1               0;
   141    1.748            2000            1150               1               0;
   142    1.760            2000            1150               1               0;
   143    1.773            2000            1150               1               0;
   144    1.785            2000            1150               1               0;
   145    1.797            2000            1150               1               0;
   146    1.810            2000            1150               1               0;
   147    1.822            2000            1150               1               0;
   148    1.835            2000            1150               1               0;
   149    1.847            2000            1150               1               0;
   150    1.859            2000            1150               1               0;
   151    1.872            2000            1150               1               0;
   152    1.884            2000            1150               1               0;
   153    1.897            2000            1150               1               0;
   154    1.909            2000            1150               1               0;
   155    1.921            2000            1150               1               0;
   156    1.934            2000            1150               1               0;
   157    1.946            2000            1150               1               0;
   158    1.959            2000            1150               1               0;
   159    1.971            2000            1150               1               0;
   160    1.983            2000            1150               1               0;
   161    1.996            2000            1150               1               0;
   162    2.008            2000            1150               1               0;
   163    2.021            2000            1150               1               0;
   164    2.033            2000            1150               1               0;
   165    2.045            2000            1150               1               0;
   166    2.058            2000            1150               1               0;
   167    2.070            2000            1150               1               0;
   168    2.083            2000            1150               1               0;
   169    2.095            2000            1150               1               0;
   170    2.107            2000            1150               1               0;
   171    2.120            2000            1150               1               0;
   172    2.132            2000            1150               1               0;
   173    2.144            2000            1150               1               0;
   174    2.157            2000            1150               1               0;
   175    2.169            2000            1150               1               0;
   176    2.182            2000            1150               1               0;
   177    2.194            2000            1150               1               0;
   178    2.206            2000            1150               1               0;
   179    2.219            2000            1150               1               0;
   180    2.231            2000            1150               1               0;
   181    2.244            2000            1150               1               0;
   182    2.256            2000            1150               1               0;
   183    2.268            2000            1150               1               0;
   184    2.281            2000            1150               1               0;
   185    2.293            2000            1150               1               0;
   186    2.306            2000            1150               1               0;
   187    2.318            2000            1150               1               0;
   188    2.330            2000            1150               1               0;
   189    2.343            2000            1150               1               0;
   190    2.355            2000            1150               1               0;
   191    2.368            2000            1150               1               0;
   192    2.380            2000            1150               1               0;
   193    2.392            2000            1150               1               0;
   194    2.405            2000            1150               1               0;
   195    2.417            2000            1150               1               0;
   196    2.430            2000            1150               1               0;
   197    2.442            2000            1150               1               0;
   198    2.454            2000            1150               1               0;
   199    2.467            2000            1150               1               0;
   200    2.479            2000            1150               1               0;
   201    2.492            2000            1150               1               0;
   202    2.504            2000            1150               1               0;
   203    2.516            2000            1150               1               0;
   204    2.529            2000            1150               1               0;
   205    2.541            2000            1150               1               0;
   206    2.554            2000            1150               1               0;
   207    2.566            2000            1150               1               0;
   208    2.578            2000            1150               1               0;
   209    2.591            2000            1150               1               0;
   210    2.603            2000            1150               1               0;
   211    2.616            2000            1150               1               0;
   212    2.628            2000            1150               1               0;
   213    2.640            2000            1150               1               0;
   214    2.653            2000            1150               1               0;
   215    2.665            2000            1150               1               0;
   216    2.678            2000            1150               1               0;
   217    2.690            2000            1150               1               0;
   218    2.702            2000            1150               1               0;
   219    2.715            2000            1150               1               0;
   220    2.727            2000            1150               1               0;
   221    2.739            2000            1150               1               0;
   222    2.752            2000            1150               1               0;
   223    2.764            2000            1150               1               0;
   224    2.777            2000            1150               1               0;
   225    2.789            2000            1150               1               0;
   226    2.801            2000            1150               1               0;
   227    2.814            2000            1150               1               0;
   228    2.826            2000            1150               1               0;
   229    2.839            2000            1150               1               0;
   230    2.851            2000            1150               1               0;
   231    2.863            2000            1150               1               0;
   232    2.876            2000            1150               1               0;
   233    2.888            2000            1150               1               0;
   234    2.901            2000            1150               1               0;
   235    2.913            2000            1150               1               0;
   236    2.925            2000            1150               1               0;
   237    2.938            2000            1150               1               0;
   238    2.950            2000            1150               1               0;
   239    2.963            2000            1150               1               0;
   240    2.975            2000            1150               1               0;
   241    2.987            2000            1150               1               0;
   242    3.000            2000            1150               1               0;
   243    3.012               0            1144               1               0;
   244    3.025               0            1080               1               0;
   245    3.037               0             959               1               0;
   246    3.049               0             789               1               0;
   247    3.062               0             581               1               0;
   248    3.074               0             348               1               0;
   249    3.087               0             102               1               0;
   250    3.099               0            -145               1               0;
   251    3.111               0            -377               0               0;
   252    3.124               0            -580               0               0;
   253    3.136               0            -743               0               0;
   254    3.149               0            -859               0               0;
   255    3.161               0            -919               0               0;
   256    3.173               0            -925               0               0;
   257    3.186               0            -886               0               0;
   258    3.198               0            -798               0               0;
   259    3.211               0            -670               0               0;
   260    3.223               0            -513               0               0;
   261    3.235               0            -333               0               0;
   262    3.248               0            -141               0               0;
   263    3.260               0              52               0               0;
   264    3.273               0             235               0               0;
   265    3.285               0             397               0               0;
   266    3.297               0             529               0               0;
   267    3.310               0             624               0               0;
   268    3.322               0             673               0               0;
   269    3.334               0             678               0               0;
   270    3.347               0             643               0               0;
   271    3.359               0             574               0               0;
   272    3.372               0             477               0               0;
   273    3.384               0             358               0               0;
   274    3.396               0             226               0               0;
   275    3.409               0              86               0               0;
   276    3.421               0             -52               0               0;
   277    3.434               0            -182               0               0;
   278    3.446               0            -294               0               0;
   279    3.458               0            -385               0               0;
   280    3.471               0            -447               0               0;
   281    3.483               0            -476               0               0;
   282    3.496               0            -472              -0               0;
   283    3.508               0            -446              -0               0;
   284    3.520               0            -396              -0               0;
   285    3.533               0            -327              -0               0;
   286    3.545               0            -245              -0               0;
   287    3.558               0            -155              -0               0;
   288    3.570               0             -64              -0               0;
   289    3.582               0              26              -0               0;
   290    3.595               0             106              -0               0;
   291    3.607               0             173              -0               0;
   292    3.620               0             223              -0               0;
   293    3.632               0             253              -0               0;
   294    3.644               0             261              -0               0;
   295    3.657               0             258              -0               0;
   296    3.669               0             237              -0               0;
   297    3.682               0             207              -0               0;
   298    3.694               0             171              -0               0;
   299    3.706               0             130              -0               0;
   300    3.719               0              87              -0               0;
   301    3.731               0              45              -0               0;
   302    3.744               0               6              -0               0;
   303    3.756               0             -28              -0               0;
   304    3.768               0             -55              -0               0;
   305    3.781               0             -73              -0               0;
   306    3.793               0             -80              -0               0;
   307    3.806               0             -78              -0               0;
   308    3.818               0             -76              -0               0;
   309    3.830               0             -71              -0               0;
   310    3.843               0             -62              -1               0;
   311    3.855               0             -54              -1               0;
   312    3.868               0             -48              -1               0;
   313    3.880               0             -45              -1               0;
   314    3.892               0             -43              -1               0;
   315    3.905               0             -44              -1               0;
   316    3.917               0             -44              -1               0;
   317    3.929               0             -44              -1               0;
   318    3.942               0             -44              -1               0;
   319    3.954               0             -44              -1               0;
   320    3.967               0             -44              -1               0;
   321    3.979               0             -44              -1               0;
   322    3.991               0             -44              -1               0;
   323    4.004               0             -44              -1               0;
   324    4.016               0             -44              -1               0;
   325    4.029               0             -44              -1               0;
   326    4.041               0             -44              -1               0;
   327    4.053               0             -44              -1               0;
   328    4.066               0             -44              -1               0;
   329    4.078               0             -44              -1               0;
   330    4.091               0             -44              -1               0;
   331    4.103               0             -44              -1               0;
   332    4.115               0             -44              -1               0;
   333    4.128               0             -44              -1               0;
   334    4.140               0             -44              -1               0;
   335    4.153               0             -44              -1               0;
   336    4.165               0             -44              -1               0;
   337    4.177               0             -44              -1               0;
   338    4.190               0             -44              -1               0;
   339    4.202               0             -44              -1               0;
   340    4.215               0             -44              -1               0;
   341    4.227               0             -44              -1               0;
   342    4.239               0             -44              -1               0;
   343    4.252               0             -44              -1               0;
   344    4.264               0             -44              -1               0;
   345    4.277               0             -44              -1               0;
   346    4.289               0             -44              -1               0;
   347    4.301               0             -44              -1               0;
   348    4.314               0             -44              -1               0;
   349    4.326               0             -44              -1               0;
   350    4.339               0             -44              -1               0;
   351    4.351               0             -44              -1               0;
   352    4.363               0             -44              -1               0;
   353    4.376               0             -44              -1               0;
   354    4.388               0             -44              -1               0;
   355    4.401               0             -44              -1               0;
   356    4.413               0             -44              -1               0;
   357    4.425               0             -44              -1               0;
   358    4.438               0             -44              -1               0;
   359    4.450               0             -44              -1               0;
   360    4.463               0             -44              -1               0;
   361    4.475               0             -44              -1               0;
   362    4.487               0             -44              -1               0;
   363    4.500               0             -44              -1               0;
   364    4.512               0             -44              -1               0;
   365    4.524               0             -44              -1               0;
   366    4.537               0             -44              -1               0;
   367    4.549               0             -44              -1               0;
   368    4.562               0             -44              -1               0;
   369    4.574               0             -44              -1               0;
   370    4.586               0             -44              -1               0;
   371    4.599               0             -44              -1               0;
   372    4.611               0             -44              -1               0;
   373    4.624               0             -44              -1               0;
   374    4.636               0             -44              -1               0;
   375    4.648               0             -44              -1               0;
   376    4.661               0             -44              -1               0;
   377    4.673               0             -44              -1               0;
   378    4.686               0             -44              -1               0;
   379    4.698               0             -44              -1               0;
   380    4.710               0             -44              -1               0;
   381    4.723               0             -44              -1               0;
   382    4.735               0             -44              -1               0;
   383    4.748               0             -44              -1               0;
   384    4.760               0             -44              -1               0;
   385    4.772               0             -44              -1               0;
   386    4.785               0             -44              -1               0;
   387    4.797               0             -44              -1               0;
   388    4.810               0             -44              -1               0;
   389    4.822               0             -44              -1               0;
   390    4.834               0             -44              -1               0;
   391    4.847               0             -44              -1               0;
   392    4.859               0             -44              -1               0;
   393    4.872               0             -44              -1               0;
   394    4.884               0             -44              -1               0;
   395    4.896               0             -44              -1               0;
   396    4.909               0             -44              -1               0;
   397    4.921               0             -44              -1               0;
   398    4.934               0             -44              -1               0;
   399    4.946               0             -44              -1               0;
   400    4.958               0             -44              -1               0;
   401    4.971               0             -44              -1               0;
   402    4.983               0             -44              -1               0;
   403    4.996               0             -44              -1               0;
   404    5.008               0             -44              -1               0;
   405    5.020               0             -44              -1               0;
   406    5.033               0             -44              -1               0;
   407    5.045               0             -44              -1               0;
   408    5.058               0             -44              -1               0;
   409    5.070               0             -44              -1               0;
   410    5.082               0             -44              -1               0;
   411    5.095               0             -44              -1               0;
   412    5.107               0             -44              -1               0;
   413    5.119               0             -44              -1               0;
   414    5.132               0             -44              -1               0;
   415    5.144               0             -44              -1               0;
   416    5.157               0             -44              -1               0;
   417    5.169               0             -44              -1               0;
   418    5.181               0             -44              -1               0;
   419    5.194               0             -44              -1               0;
   420    5.206               0             -44              -1               0;
   421    5.219               0             -44              -1               0;
   422    5.231               0             -44              -1               0;
   423    5.243               0             -44              -1               0;
   424    5.256               0             -44              -1               0;
   425    5.268               0             -44              -1               0;
   426    5.281               0             -44              -1               0;
   427    5.293               0             -44              -1               0;
   428    5.305               0             -44              -1               0;
   429    5.318               0             -44              -1               0;
   430    5.330               0             -44              -1               0;
   431    5.343               0             -44              -1               0;
   432    5.355               0             -44              -1               0;
   433    5.367               0             -44              -1               0;
   434    5.380               0             -44              -1               0;
   435    5.392               0             -44              -1               0;
   436    5.405               0             -44              -1               0;
   437    5.417               0             -44              -1               0;
   438    5.429               0             -44              -1               0;
   439    5.442               0             -44              -1               0;
   440    5.454               0             -44              -1               0;
   441    5.467               0             -44              -1               0;
   442    5.479               0             -44              -1               0;
   443    5.491               0             -44              -1               0;
   444    5.504               0             -44              -1               0;
   445    5.516               0             -44              -1               0;
   446    5.529               0             -44              -1               0;
   447    5.541               0             -44              -1               0;
   448    5.553               0             -44              -1               0;
   449    5.566               0             -44              -1               0;
   450    5.578               0             -44              -1               0;
   451    5.591               0             -44              -1               0;
   452    5.603               0             -44              -1               0;
   453    5.615               0             -44              -1               0;
   454    5.628               0             -44              -1               0;
   455    5.640               0             -44              -1               0;
   456    5.653               0             -44              -1               0;
   457    5.665               0             -44              -1               0;
   458    5.677               0             -44              -1               0;
   459    5.690               0             -44              -1               0;
   460    5.702               0             -44              -1               0;
   461    5.714               0             -44              -1               0;
   462    5.727               0             -44              -1               0;
   463    5.739               0             -44              -1               0;
   464    5.752               0             -44              -1               0;
   465    5.764               0             -44              -1               0;
   466    5.776               0             -44              -1               0;
   467    5.789               0             -44              -1               0;
   468    5.801               0             -44              -1               0;
   469    5.814               0             -44              -1               0;
   470    5.826               0             -44              -1               0;
   471    5.838               0             -44              -1               0;
   472    5.851               0             -44              -1               0;
   473    5.863               0             -44              -1               0;
   474    5.876               0             -44              -1               0;
   475    5.888               0             -44              -1               0;
   476    5.900               0             -44              -1               0;
   477    5.913               0             -44              -1               0;
   478    5.925               0             -44              -1               0;
   479    5.938               0             -44              -1               0;
   480    5.950               0             -44              -1               0;
   481    5.962               0             -44              -1               0;
   482    5.975               0             -44              -1               0;
   483    5.987               0             -44              -1               0]
