 Sample   Time     Commanded Pos   Encoder 1 Pos   Encoder 2 Pos   Encoder 3 Pos 

[    0    0.000            2000               0               0               0;
     1    0.012            2000              70               1               0;
     2    0.025            2000             303               0               0;
     3    0.037            2000             685               0               0;
     4    0.050            2000            1181               1               0;
     5    0.062            2000            1733               1               0;
     6    0.074            2000            2272               2               0;
     7    0.087            2000            2724               2               0;
     8    0.099            2000            3033               2               0;
     9    0.112            2000            3154               2               0;
    10    0.124            2000            3071               2               0;
    11    0.136            2000            2813               2               0;
    12    0.149            2000            2420               2               1;
    13    0.161            2000            1944               2               1;
    14    0.174            2000            1435               2               1;
    15    0.186            2000             955               2               1;
    16    0.198            2000             562               1               1;
    17    0.211            2000             308               1               0;
    18    0.223            2000             212               1               0;
    19    0.236            2000             280               1               0;
    20    0.248            2000             498               1               0;
    21    0.260            2000             855               1               0;
    22    0.273            2000            1303               1               0;
    23    0.285            2000            1785               1               0;
    24    0.298            2000            2238               2               0;
    25    0.310            2000            2602               2               0;
    26    0.322            2000            2837               2               0;
    27    0.335            2000            2919               2               0;
    28    0.347            2000            2835               2               0;
    29    0.359            2000            2613               2               1;
    30    0.372            2000            2285               2               1;
    31    0.384            2000            1893               2               1;
    32    0.397            2000            1485               2               1;
    33    0.409            2000            1111               2               1;
    34    0.421            2000             809               1               1;
    35    0.434            2000             616               1               1;
    36    0.446            2000             550               1               0;
    37    0.459            2000             617               1               0;
    38    0.471            2000             805               1               0;
    39    0.483            2000            1092               1               0;
    40    0.496            2000            1439               1               0;
    41    0.508            2000            1795               1               0;
    42    0.521            2000            2113               2               0;
    43    0.533            2000            2353               2               0;
    44    0.545            2000            2486               2               0;
    45    0.558            2000            2508               2               0;
    46    0.570            2000            2416               2               0;
    47    0.583            2000            2236               2               1;
    48    0.595            2000            1990               2               1;
    49    0.607            2000            1712               2               1;
    50    0.620            2000            1444               2               1;
    51    0.632            2000            1216               2               1;
    52    0.645            2000            1052               2               1;
    53    0.657            2000             971               2               0;
    54    0.669            2000             965               1               0;
    55    0.682            2000            1037               1               0;
    56    0.694            2000            1176               1               0;
    57    0.707            2000            1371               1               0;
    58    0.719            2000            1584               2               0;
    59    0.731            2000            1785               2               0;
    60    0.744            2000            1948               2               0;
    61    0.756            2000            2052               2               0;
    62    0.769            2000            2087               2               0;
    63    0.781            2000            2061               2               0;
    64    0.793            2000            1979               2               1;
    65    0.806            2000            1859               2               1;
    66    0.818            2000            1720               2               1;
    67    0.831            2000            1583               2               1;
    68    0.843            2000            1467               2               1;
    69    0.855            2000            1383               2               1;
    70    0.868            2000            1337               2               0;
    71    0.880            2000            1327               2               0;
    72    0.893            2000            1340               2               0;
    73    0.905            2000            1382               2               0;
    74    0.917            2000            1448               2               0;
    75    0.930            2000            1531               2               0;
    76    0.942            2000            1613               2               0;
    77    0.954            2000            1682               2               0;
    78    0.967            2000            1730               2               0;
    79    0.979            2000            1754               2               0;
    80    0.992            2000            1754               2               0;
    81    1.004            2000            1736               2               0;
    82    1.016            2000            1702               2               0;
    83    1.029            2000            1661               2               0;
    84    1.041            2000            1622               2               1;
    85    1.054            2000            1594               2               1;
    86    1.066            2000            1576               2               0;
    87    1.078            2000            1565               2               0;
    88    1.091            2000            1561               2               0;
    89    1.103            2000            1563               2               0;
    90    1.116            2000            1566               2               0;
    91    1.128            2000            1578               2               0;
    92    1.140            2000            1590               2               0;
    93    1.153            2000            1598               2               0;
    94    1.165            2000            1601               2               0;
    95    1.178            2000            1601               2               0;
    96    1.190            2000            1601               2               0;
    97    1.202            2000            1600               2               0;
    98    1.215            2000            1600               2               0;
    99    1.227            2000            1600               2               0;
   100    1.240            2000            1600               2               0;
   101    1.252            2000            1600               2               0;
   102    1.264            2000            1600               2               0;
   103    1.277            2000            1600               2               0;
   104    1.289            2000            1600               2               0;
   105    1.302            2000            1600               2               0;
   106    1.314            2000            1600               2               0;
   107    1.326            2000            1600               2               0;
   108    1.339            2000            1600               2               0;
   109    1.351            2000            1600               2               0;
   110    1.364            2000            1600               2               0;
   111    1.376            2000            1600               2               0;
   112    1.388            2000            1600               2               0;
   113    1.401            2000            1600               2               0;
   114    1.413            2000            1600               2               0;
   115    1.426            2000            1600               2               0;
   116    1.438            2000            1600               2               0;
   117    1.450            2000            1600               2               0;
   118    1.463            2000            1600               2               0;
   119    1.475            2000            1600               2               0;
   120    1.488            2000            1600               2               0;
   121    1.500            2000            1600               2               0;
   122    1.512            2000            1600               2               0;
   123    1.525            2000            1600               2               0;
   124    1.537            2000            1600               2               0;
   125    1.549            2000            1600               2               0;
   126    1.562            2000            1600               2               0;
   127    1.574            2000            1600               2               0;
   128    1.587            2000            1600               2               0;
   129    1.599            2000            1600               2               0;
   130    1.611            2000            1600               2               0;
   131    1.624            2000            1600               2               0;
   132    1.636            2000            1600               2               0;
   133    1.649            2000            1600               2               0;
   134    1.661            2000            1600               2               0;
   135    1.673            2000            1600               2               0;
   136    1.686            2000            1600               2               0;
   137    1.698            2000            1600               2               0;
   138    1.711            2000            1600               2               0;
   139    1.723            2000            1600               2               0;
   140    1.735            2000            1600               2               0;
   141    1.748            2000            1600               2               0;
   142    1.760            2000            1600               2               0;
   143    1.773            2000            1600               2               0;
   144    1.785            2000            1600               2               0;
   145    1.797            2000            1600               2               0;
   146    1.810            2000            1600               2               0;
   147    1.822            2000            1600               2               0;
   148    1.835            2000            1600               2               0;
   149    1.847            2000            1600               2               0;
   150    1.859            2000            1600               2               0;
   151    1.872            2000            1600               2               0;
   152    1.884            2000            1600               2               0;
   153    1.897            2000            1600               2               0;
   154    1.909            2000            1600               2               0;
   155    1.921            2000            1600               2               0;
   156    1.934            2000            1600               2               0;
   157    1.946            2000            1600               2               0;
   158    1.959            2000            1600               2               0;
   159    1.971            2000            1600               2               0;
   160    1.983            2000            1600               2               0;
   161    1.996            2000            1600               2               0;
   162    2.008            2000            1600               2               0;
   163    2.021            2000            1600               2               0;
   164    2.033            2000            1600               2               0;
   165    2.045            2000            1600               2               0;
   166    2.058            2000            1600               2               0;
   167    2.070            2000            1600               2               0;
   168    2.083            2000            1600               2               0;
   169    2.095            2000            1600               2               0;
   170    2.107            2000            1600               2               0;
   171    2.120            2000            1600               2               0;
   172    2.132            2000            1600               2               0;
   173    2.144            2000            1600               2               0;
   174    2.157            2000            1600               2               0;
   175    2.169            2000            1600               2               0;
   176    2.182            2000            1600               2               0;
   177    2.194            2000            1600               2               0;
   178    2.206            2000            1600               2               0;
   179    2.219            2000            1600               2               0;
   180    2.231            2000            1600               2               0;
   181    2.244            2000            1600               2               0;
   182    2.256            2000            1600               2               0;
   183    2.268            2000            1600               2               0;
   184    2.281            2000            1600               2               0;
   185    2.293            2000            1600               2               0;
   186    2.306            2000            1600               2               0;
   187    2.318            2000            1600               2               0;
   188    2.330            2000            1600               2               0;
   189    2.343            2000            1600               2               0;
   190    2.355            2000            1600               2               0;
   191    2.368            2000            1600               2               0;
   192    2.380            2000            1600               2               0;
   193    2.392            2000            1600               2               0;
   194    2.405            2000            1600               2               0;
   195    2.417            2000            1600               2               0;
   196    2.430            2000            1600               2               0;
   197    2.442            2000            1600               2               0;
   198    2.454            2000            1600               2               0;
   199    2.467            2000            1600               2               0;
   200    2.479            2000            1600               2               0;
   201    2.492            2000            1600               2               0;
   202    2.504            2000            1600               2               0;
   203    2.516            2000            1600               2               0;
   204    2.529            2000            1600               2               0;
   205    2.541            2000            1600               2               0;
   206    2.554            2000            1600               2               0;
   207    2.566            2000            1600               2               0;
   208    2.578            2000            1600               2               0;
   209    2.591            2000            1600               2               0;
   210    2.603            2000            1600               2               0;
   211    2.616            2000            1600               2               0;
   212    2.628            2000            1600               2               0;
   213    2.640            2000            1600               2               0;
   214    2.653            2000            1600               2               0;
   215    2.665            2000            1600               2               0;
   216    2.678            2000            1600               2               0;
   217    2.690            2000            1600               2               0;
   218    2.702            2000            1600               2               0;
   219    2.715            2000            1600               2               0;
   220    2.727            2000            1600               2               0;
   221    2.739            2000            1600               2               0;
   222    2.752            2000            1600               2               0;
   223    2.764            2000            1600               2               0;
   224    2.777            2000            1600               2               0;
   225    2.789            2000            1600               2               0;
   226    2.801            2000            1600               2               0;
   227    2.814            2000            1600               2               0;
   228    2.826            2000            1600               2               0;
   229    2.839            2000            1600               2               0;
   230    2.851            2000            1600               2               0;
   231    2.863            2000            1600               2               0;
   232    2.876            2000            1600               2               0;
   233    2.888            2000            1600               2               0;
   234    2.901            2000            1600               2               0;
   235    2.913            2000            1600               2               0;
   236    2.925            2000            1600               2               0;
   237    2.938            2000            1600               2               0;
   238    2.950            2000            1600               2               0;
   239    2.963            2000            1600               2               0;
   240    2.975            2000            1600               2               0;
   241    2.987            2000            1600               2               0;
   242    3.000            2000            1600               2               0;
   243    3.012               0            1583               1               0;
   244    3.025               0            1383               2               1;
   245    3.037               0            1006               2               0;
   246    3.049               0             498               1               0;
   247    3.062               0             -65               1               1;
   248    3.074               0            -615               0               1;
   249    3.087               0           -1090              -0               0;
   250    3.099               0           -1429              -0               1;
   251    3.111               0           -1587              -1               1;
   252    3.124               0           -1526              -1               0;
   253    3.136               0           -1275              -2               0;
   254    3.149               0            -872              -2               0;
   255    3.161               0            -371               0               0;
   256    3.173               0             165               0               0;
   257    3.186               0             681               0               0;
   258    3.198               0            1100               1               0;
   259    3.211               0            1373               1               0;
   260    3.223               0            1457               1               0;
   261    3.235               0            1342               1               0;
   262    3.248               0            1058               1               1;
   263    3.260               0             645               1               1;
   264    3.273               0             165               1               1;
   265    3.285               0            -316               1               1;
   266    3.297               0            -744               0               1;
   267    3.310               0           -1078               0               1;
   268    3.322               0           -1283               0               1;
   269    3.334               0           -1311               0               0;
   270    3.347               0           -1185               0               0;
   271    3.359               0            -924               0               0;
   272    3.372               0            -557               0               0;
   273    3.384               0            -137               0               0;
   274    3.396               0             287               0               0;
   275    3.409               0             665               0               0;
   276    3.421               0             941               1               0;
   277    3.434               0            1085               1               0;
   278    3.446               0            1077               1               0;
   279    3.458               0             927               1               1;
   280    3.471               0             666               1               1;
   281    3.483               0             335               1               1;
   282    3.496               0             -19               1               1;
   283    3.508               0            -347               1               1;
   284    3.520               0            -613               0               1;
   285    3.533               0            -795               0               1;
   286    3.545               0            -880               0               1;
   287    3.558               0            -873               0               0;
   288    3.570               0            -781               0               0;
   289    3.582               0            -612               0               0;
   290    3.595               0            -381               0               0;
   291    3.607               0            -117               0               0;
   292    3.620               0             147               0               0;
   293    3.632               0             377               0               0;
   294    3.644               0             544               0               0;
   295    3.657               0             629               0               0;
   296    3.669               0             630               0               0;
   297    3.682               0             549               0               1;
   298    3.694               0             409               0               1;
   299    3.706               0             232               0               1;
   300    3.719               0              43               0               1;
   301    3.731               0            -127               0               1;
   302    3.744               0            -265               0               1;
   303    3.756               0            -362               0               1;
   304    3.768               0            -406               0               0;
   305    3.781               0            -406               0               0;
   306    3.793               0            -375               0               0;
   307    3.806               0            -301               0               0;
   308    3.818               0            -193               0               0;
   309    3.830               0             -73               0               0;
   310    3.843               0              41               0               0;
   311    3.855               0             139               0               0;
   312    3.868               0             209               0               0;
   313    3.880               0             246               0               0;
   314    3.892               0             248               0               0;
   315    3.905               0             227               0               0;
   316    3.917               0             177               0               0;
   317    3.929               0             116               0               1;
   318    3.942               0              54               0               1;
   319    3.954               0               0               0               1;
   320    3.967               0             -44               0               1;
   321    3.979               0             -77               0               0;
   322    3.991               0             -97               0               0;
   323    4.004               0            -106               0               0;
   324    4.016               0            -101               0               0;
   325    4.029               0             -91               0               0;
   326    4.041               0             -65               0               0;
   327    4.053               0             -38               0               0;
   328    4.066               0             -12               0               0;
   329    4.078               0              11               0               0;
   330    4.091               0              28               0               0;
   331    4.103               0              38               0               0;
   332    4.115               0              38               0               0;
   333    4.128               0              34               0               0;
   334    4.140               0              30               0               0;
   335    4.153               0              22               0               0;
   336    4.165               0              16               0               0;
   337    4.177               0              14               0               0;
   338    4.190               0              13               0               0;
   339    4.202               0              13               0               0;
   340    4.215               0              15               0               0;
   341    4.227               0              16               0               0;
   342    4.239               0              15               0               0;
   343    4.252               0              13               0               0;
   344    4.264               0              13               0               0;
   345    4.277               0              15               0               0;
   346    4.289               0              15               0               0;
   347    4.301               0              15               0               0;
   348    4.314               0              14               0               0;
   349    4.326               0              14               0               0;
   350    4.339               0              15               0               0;
   351    4.351               0              15               0               0;
   352    4.363               0              15               0               0;
   353    4.376               0              14               0               0;
   354    4.388               0              14               0               0;
   355    4.401               0              15               0               0;
   356    4.413               0              15               0               0;
   357    4.425               0              15               0               0;
   358    4.438               0              14               0               0;
   359    4.450               0              14               0               0;
   360    4.463               0              14               0               0;
   361    4.475               0              15               0               0;
   362    4.487               0              15               0               0;
   363    4.500               0              14               0               0;
   364    4.512               0              14               0               0;
   365    4.524               0              14               0               0;
   366    4.537               0              15               0               0;
   367    4.549               0              15               0               0;
   368    4.562               0              15               0               0;
   369    4.574               0              14               0               0;
   370    4.586               0              14               0               0;
   371    4.599               0              15               0               0;
   372    4.611               0              15               0               0;
   373    4.624               0              14               0               0;
   374    4.636               0              14               0               0;
   375    4.648               0              15               0               0;
   376    4.661               0              15               0               0;
   377    4.673               0              15               0               0;
   378    4.686               0              15               0               0;
   379    4.698               0              15               0               0;
   380    4.710               0              15               0               0;
   381    4.723               0              15               0               0;
   382    4.735               0              15               0               0;
   383    4.748               0              15               0               0;
   384    4.760               0              15               0               0;
   385    4.772               0              15               0               0;
   386    4.785               0              15               0               0;
   387    4.797               0              15               0               0;
   388    4.810               0              15               0               0;
   389    4.822               0              15               0               0;
   390    4.834               0              15               0               0;
   391    4.847               0              15               0               0;
   392    4.859               0              15               0               0;
   393    4.872               0              15               0               0;
   394    4.884               0              15               0               0;
   395    4.896               0              15               0               0;
   396    4.909               0              15               0               0;
   397    4.921               0              15               0               0;
   398    4.934               0              15               0               0;
   399    4.946               0              15               0               0;
   400    4.958               0              15               0               0;
   401    4.971               0              15               0               0;
   402    4.983               0              15               0               0;
   403    4.996               0              15               0               0;
   404    5.008               0              15               0               0;
   405    5.020               0              15               0               0;
   406    5.033               0              15               0               0;
   407    5.045               0              15               0               0;
   408    5.058               0              15               0               0;
   409    5.070               0              15               0               0;
   410    5.082               0              15               0               0;
   411    5.095               0              15               0               0;
   412    5.107               0              15               0               0;
   413    5.119               0              15               0               0;
   414    5.132               0              15               0               0;
   415    5.144               0              15               0               0;
   416    5.157               0              15               0               0;
   417    5.169               0              15               0               0;
   418    5.181               0              15               0               0;
   419    5.194               0              15               0               0;
   420    5.206               0              15               0               0;
   421    5.219               0              15               0               0;
   422    5.231               0              15               0               0;
   423    5.243               0              15               0               0;
   424    5.256               0              15               0               0;
   425    5.268               0              15               0               0;
   426    5.281               0              15               0               0;
   427    5.293               0              15               0               0;
   428    5.305               0              15               0               0;
   429    5.318               0              15               0               0;
   430    5.330               0              15               0               0;
   431    5.343               0              15               0               0;
   432    5.355               0              15               0               0;
   433    5.367               0              15               0               0;
   434    5.380               0              15               0               0;
   435    5.392               0              15               0               0;
   436    5.405               0              15               0               0;
   437    5.417               0              15               0               0;
   438    5.429               0              15               0               0;
   439    5.442               0              15               0               0;
   440    5.454               0              15               0               0;
   441    5.467               0              15               0               0;
   442    5.479               0              15               0               0;
   443    5.491               0              15               0               0;
   444    5.504               0              15               0               0;
   445    5.516               0              15               0               0;
   446    5.529               0              15               0               0;
   447    5.541               0              15               0               0;
   448    5.553               0              15               0               0;
   449    5.566               0              15               0               0;
   450    5.578               0              15               0               0;
   451    5.591               0              15               0               0;
   452    5.603               0              15               0               0;
   453    5.615               0              15               0               0;
   454    5.628               0              15               0               0;
   455    5.640               0              15               0               0;
   456    5.653               0              15               0               0;
   457    5.665               0              15               0               0;
   458    5.677               0              15               0               0;
   459    5.690               0              15               0               0;
   460    5.702               0              15               0               0;
   461    5.714               0              15               0               0;
   462    5.727               0              15               0               0;
   463    5.739               0              15               0               0;
   464    5.752               0              15               0               0;
   465    5.764               0              15               0               0;
   466    5.776               0              15               0               0;
   467    5.789               0              15               0               0;
   468    5.801               0              15               0               0;
   469    5.814               0              15               0               0;
   470    5.826               0              15               0               0;
   471    5.838               0              15               0               0;
   472    5.851               0              15               0               0;
   473    5.863               0              15               0               0;
   474    5.876               0              15               0               0;
   475    5.888               0              15               0               0;
   476    5.900               0              15               0               0;
   477    5.913               0              15               0               0;
   478    5.925               0              15               0               0;
   479    5.938               0              15               0               0;
   480    5.950               0              15               0               0;
   481    5.962               0              15               0               0;
   482    5.975               0              15               0               0;
   483    5.987               0              15               0               0]
