 Sample   Time     Commanded Pos   Encoder 1 Pos   Encoder 2 Pos   Encoder 3 Pos 

[    0    0.000            2000               0               0               0;
     1    0.012            2000              38               1               1;
     2    0.025            2000             228               1               0;
     3    0.037            2000             569               1               0;
     4    0.050            2000            1054               2               0;
     5    0.062            2000            1664               2               0;
     6    0.074            2000            2307               2               0;
     7    0.087            2000            2850               3               0;
     8    0.099            2000            3187               3               0;
     9    0.112            2000            3257               3               0;
    10    0.124            2000            3075               3               0;
    11    0.136            2000            2671               3               0;
    12    0.149            2000            2105               3               1;
    13    0.161            2000            1477               3               1;
    14    0.174            2000             907               2               1;
    15    0.186            2000             498               2               1;
    16    0.198            2000             268               2               1;
    17    0.211            2000             211               2               0;
    18    0.223            2000             307               2               0;
    19    0.236            2000             552               2               0;
    20    0.248            2000             945               2               0;
    21    0.260            2000            1469               2               0;
    22    0.273            2000            2052               3               0;
    23    0.285            2000            2571               3               0;
    24    0.298            2000            2931               3               0;
    25    0.310            2000            3063               3               0;
    26    0.322            2000            2949               3               0;
    27    0.335            2000            2618               3               0;
    28    0.347            2000            2137               3               1;
    29    0.359            2000            1591               3               1;
    30    0.372            2000            1087               3               2;
    31    0.384            2000             735               2               2;
    32    0.397            2000             578               2               2;
    33    0.409            2000             605               2               1;
    34    0.421            2000             794               2               1;
    35    0.434            2000            1118               2              -0;
    36    0.446            2000            1553               2              -1;
    37    0.459            2000            2023               3              -1;
    38    0.471            2000            2438               3              -1;
    39    0.483            2000            2714               3              -1;
    40    0.496            2000            2802               3              -1;
    41    0.508            2000            2680               3              -1;
    42    0.521            2000            2379               3              -1;
    43    0.533            2000            1956               3              -1;
    44    0.545            2000            1490               3               1;
    45    0.558            2000            1078               3               1;
    46    0.570            2000             823               2               2;
    47    0.583            2000             758               2               1;
    48    0.595            2000             871               2               1;
    49    0.607            2000            1143               2               1;
    50    0.620            2000            1548               2               0;
    51    0.632            2000            1999               3               0;
    52    0.645            2000            2393               3              -0;
    53    0.657            2000            2657               3              -0;
    54    0.669            2000            2750               3              -1;
    55    0.682            2000            2651               3              -1;
    56    0.694            2000            2386               3              -1;
    57    0.707            2000            1998               3              -1;
    58    0.719            2000            1552               3              -1;
    59    0.731            2000            1137               3               1;
    60    0.744            2000             851               3               1;
    61    0.756            2000             749               2               1;
    62    0.769            2000             823               2               1;
    63    0.781            2000            1055               2               0;
    64    0.793            2000            1419               2               0;
    65    0.806            2000            1851               3               0;
    66    0.818            2000            2266               3               0;
    67    0.831            2000            2582               3               0;
    68    0.843            2000            2748               3               0;
    69    0.855            2000            2721               3               0;
    70    0.868            2000            2517               3               0;
    71    0.880            2000            2175               3               0;
    72    0.893            2000            1750               3               1;
    73    0.905            2000            1328               3               1;
    74    0.917            2000             997               3               1;
    75    0.930            2000             828               2               1;
    76    0.942            2000             829               2               1;
    77    0.954            2000             985               2               0;
    78    0.967            2000            1275               2               0;
    79    0.979            2000            1662               3               0;
    80    0.992            2000            2070               3               0;
    81    1.004            2000            2415               3               0;
    82    1.016            2000            2632               3               0;
    83    1.029            2000            2681               3               0;
    84    1.041            2000            2552               3               0;
    85    1.054            2000            2279               3               0;
    86    1.066            2000            1909               3               1;
    87    1.078            2000            1510               3               1;
    88    1.091            2000            1166               3               1;
    89    1.103            2000             951               3               1;
    90    1.116            2000             907               2               1;
    91    1.128            2000            1026               2               1;
    92    1.140            2000            1286               2               0;
    93    1.153            2000            1635               2               0;
    94    1.165            2000            2004               3               0;
    95    1.178            2000            2321               3               0;
    96    1.190            2000            2525               3               0;
    97    1.202            2000            2581               3               0;
    98    1.215            2000            2470               3               0;
    99    1.227            2000            2220               3               0;
   100    1.240            2000            1874               3               0;
   101    1.252            2000            1501               3               1;
   102    1.264            2000            1184               3               1;
   103    1.277            2000             993               3               1;
   104    1.289            2000             972               3               1;
   105    1.302            2000            1106               3               1;
   106    1.314            2000            1372               3               0;
   107    1.326            2000            1712               3               0;
   108    1.339            2000            2060               3               0;
   109    1.351            2000            2345               3               0;
   110    1.364            2000            2511               3               0;
   111    1.376            2000            2531               3               0;
   112    1.388            2000            2397               3               0;
   113    1.401            2000            2137               3               0;
   114    1.413            2000            1798               3               0;
   115    1.426            2000            1448               3               1;
   116    1.438            2000            1163               3               1;
   117    1.450            2000            1009               3               1;
   118    1.463            2000            1018               3               1;
   119    1.475            2000            1176               3               0;
   120    1.488            2000            1449               3               0;
   121    1.500            2000            1782               3               0;
   122    1.512            2000            2110               3               0;
   123    1.525            2000            2366               3               0;
   124    1.537            2000            2501               3               0;
   125    1.549            2000            2489               3               0;
   126    1.562            2000            2335               3               0;
   127    1.574            2000            2067               3               0;
   128    1.587            2000            1736               3               1;
   129    1.599            2000            1408               3               1;
   130    1.611            2000            1157               3               1;
   131    1.624            2000            1035               3               1;
   132    1.636            2000            1069               3               1;
   133    1.649            2000            1241               3               0;
   134    1.661            2000            1513               3               0;
   135    1.673            2000            1832               3               0;
   136    1.686            2000            2133               3               0;
   137    1.698            2000            2357               3               0;
   138    1.711            2000            2460               3               0;
   139    1.723            2000            2426               3               0;
   140    1.735            2000            2260               3               0;
   141    1.748            2000            1994               3               0;
   142    1.760            2000            1680               3               1;
   143    1.773            2000            1384               3               1;
   144    1.785            2000            1167               3               1;
   145    1.797            2000            1080               3               1;
   146    1.810            2000            1138               3               1;
   147    1.822            2000            1319               3               0;
   148    1.835            2000            1584               3               0;
   149    1.847            2000            1881               3               0;
   150    1.859            2000            2150               3               0;
   151    1.872            2000            2336               3               0;
   152    1.884            2000            2406               3               0;
   153    1.897            2000            2346               3               0;
   154    1.909            2000            2170               3               0;
   155    1.921            2000            1910               3               0;
   156    1.934            2000            1620               3               1;
   157    1.946            2000            1360               3               1;
   158    1.959            2000            1188               3               1;
   159    1.971            2000            1135               3               1;
   160    1.983            2000            1216               3               1;
   161    1.996            2000            1403               3               0;
   162    2.008            2000            1656               3               0;
   163    2.021            2000            1928               3               0;
   164    2.033            2000            2160               3               0;
   165    2.045            2000            2307               3               0;
   166    2.058            2000            2345               3               0;
   167    2.070            2000            2260               3               0;
   168    2.083            2000            2077               3               0;
   169    2.095            2000            1831               3               0;
   170    2.107            2000            1570               3               1;
   171    2.120            2000            1352               3               1;
   172    2.132            2000            1222               3               1;
   173    2.144            2000            1202               3               1;
   174    2.157            2000            1301               3               0;
   175    2.169            2000            1486               3               0;
   176    2.182            2000            1721               3               0;
   177    2.194            2000            1961               3               0;
   178    2.206            2000            2154               3               0;
   179    2.219            2000            2263               3               0;
   180    2.231            2000            2269               3               0;
   181    2.244            2000            2171               3               0;
   182    2.256            2000            1992               3               0;
   183    2.268            2000            1767               3               0;
   184    2.281            2000            1542               3               1;
   185    2.293            2000            1364               3               1;
   186    2.306            2000            1270               3               1;
   187    2.318            2000            1275               3               1;
   188    2.330            2000            1380               3               0;
   189    2.343            2000            1553               3               0;
   190    2.355            2000            1762               3               0;
   191    2.368            2000            1967               3               0;
   192    2.380            2000            2124               3               0;
   193    2.392            2000            2203               3               0;
   194    2.405            2000            2190               3               0;
   195    2.417            2000            2089               3               0;
   196    2.430            2000            1924               3               0;
   197    2.442            2000            1728               3               0;
   198    2.454            2000            1539               3               1;
   199    2.467            2000            1398               3               1;
   200    2.479            2000            1333               3               0;
   201    2.492            2000            1348               3               0;
   202    2.504            2000            1445               3               0;
   203    2.516            2000            1598               3               0;
   204    2.529            2000            1778               3               0;
   205    2.541            2000            1949               3               0;
   206    2.554            2000            2077               3               0;
   207    2.566            2000            2136               3               0;
   208    2.578            2000            2119               3               0;
   209    2.591            2000            2028               3               0;
   210    2.603            2000            1888               3               0;
   211    2.616            2000            1723               3               1;
   212    2.628            2000            1566               3               0;
   213    2.640            2000            1449               3               0;
   214    2.653            2000            1393               3               0;
   215    2.665            2000            1407               3               0;
   216    2.678            2000            1487               3               0;
   217    2.690            2000            1615               3               0;
   218    2.702            2000            1769               3               0;
   219    2.715            2000            1917               3               0;
   220    2.727            2000            2029               3               0;
   221    2.739            2000            2083               3               0;
   222    2.752            2000            2072               3               0;
   223    2.764            2000            1998               3               0;
   224    2.777            2000            1880               3               0;
   225    2.789            2000            1738               3               0;
   226    2.801            2000            1597               3               0;
   227    2.814            2000            1487               3               0;
   228    2.826            2000            1432               3               0;
   229    2.839            2000            1438               3               0;
   230    2.851            2000            1506               3               0;
   231    2.863            2000            1621               3               0;
   232    2.876            2000            1761               3               0;
   233    2.888            2000            1897               3               0;
   234    2.901            2000            2000               3               0;
   235    2.913            2000            2049               3               0;
   236    2.925            2000            2041               3               0;
   237    2.938            2000            1976               3               0;
   238    2.950            2000            1871               3               0;
   239    2.963            2000            1743               3               0;
   240    2.975            2000            1615               3               0;
   241    2.987            2000            1515               3               0;
   242    3.000            2000            1466               3               0;
   243    3.012               0            1411               2               1;
   244    3.025               0            1160               2               0;
   245    3.037               0             711               2               0;
   246    3.049               0             123               2               1;
   247    3.062               0            -492               1               1;
   248    3.074               0           -1024               1               1;
   249    3.087               0           -1381               0               0;
   250    3.099               0           -1511              -0               1;
   251    3.111               0           -1424              -1               0;
   252    3.124               0           -1136              -1               1;
   253    3.136               0            -664               1               0;
   254    3.149               0             -73               1               0;
   255    3.161               0             531               1               0;
   256    3.173               0            1034               1               0;
   257    3.186               0            1339               1               0;
   258    3.198               0            1410               2               0;
   259    3.211               0            1259               2               0;
   260    3.223               0             906               2               0;
   261    3.235               0             379               2               1;
   262    3.248               0            -218               2               1;
   263    3.260               0            -770               1               2;
   264    3.273               0           -1172               1               2;
   265    3.285               0           -1356               1               1;
   266    3.297               0           -1314               1               1;
   267    3.310               0           -1072               1               0;
   268    3.322               0            -668               1              -0;
   269    3.334               0            -151               1              -1;
   270    3.347               0             395               1              -1;
   271    3.359               0             872               1              -1;
   272    3.372               0            1169               2              -1;
   273    3.384               0            1231               2              -1;
   274    3.396               0            1067               2              -1;
   275    3.409               0             695               2              -1;
   276    3.421               0             180               2              -1;
   277    3.434               0            -373               1               1;
   278    3.446               0            -849               1               2;
   279    3.458               0           -1165               1               2;
   280    3.471               0           -1247               1               1;
   281    3.483               0           -1110               1               1;
   282    3.496               0            -776               1               1;
   283    3.508               0            -297               1               0;
   284    3.520               0             227               1              -0;
   285    3.533               0             706               1              -0;
   286    3.545               0            1040               2              -1;
   287    3.558               0            1163               2              -1;
   288    3.570               0            1058               2              -1;
   289    3.582               0             744               2              -1;
   290    3.595               0             270               2              -1;
   291    3.607               0            -271               1               1;
   292    3.620               0            -768               1               1;
   293    3.632               0           -1126               1               2;
   294    3.644               0           -1264               1               2;
   295    3.657               0           -1172               1               1;
   296    3.669               0            -880               1               1;
   297    3.682               0            -423               1               0;
   298    3.694               0             102               1              -0;
   299    3.706               0             606               1              -1;
   300    3.719               0             997               2              -1;
   301    3.731               0            1191               2              -1;
   302    3.744               0            1157               2              -1;
   303    3.756               0             910               2              -1;
   304    3.768               0             477               2              -1;
   305    3.781               0             -60               2               1;
   306    3.793               0            -590               1               1;
   307    3.806               0           -1013               1               1;
   308    3.818               0           -1246               1               1;
   309    3.830               0           -1248               1               1;
   310    3.843               0           -1045               1               1;
   311    3.855               0            -668               1               0;
   312    3.868               0            -177               1              -0;
   313    3.880               0             345               1              -1;
   314    3.892               0             809               1              -1;
   315    3.905               0            1114               2              -1;
   316    3.917               0            1195               2              -1;
   317    3.929               0            1052               2              -1;
   318    3.942               0             707               2              -1;
   319    3.954               0             216               2              -1;
   320    3.967               0            -322               1               1;
   321    3.979               0            -794               1               1;
   322    3.991               0           -1120               1               1;
   323    4.004               0           -1228               1               1;
   324    4.016               0           -1120               1               1;
   325    4.029               0            -822               1               0;
   326    4.041               0            -382               1               0;
   327    4.053               0             120               1              -0;
   328    4.066               0             602               1              -1;
   329    4.078               0             971               2              -1;
   330    4.091               0            1138               2              -1;
   331    4.103               0            1075               2              -1;
   332    4.115               0             801               2              -1;
   333    4.128               0             361               2              -1;
   334    4.140               0            -158               1               1;
   335    4.153               0            -646               1               1;
   336    4.165               0           -1011               1               2;
   337    4.177               0           -1181               1               1;
   338    4.190               0           -1127               1               1;
   339    4.202               0            -876               1               1;
   340    4.215               0            -463               1               0;
   341    4.227               0              24               1              -0;
   342    4.239               0             503               1              -0;
   343    4.252               0             889               2              -1;
   344    4.264               0            1094               2              -1;
   345    4.277               0            1070               2              -1;
   346    4.289               0             834               2              -1;
   347    4.301               0             425               2              -1;
   348    4.314               0             -77               1              -1;
   349    4.326               0            -569               1               1;
   350    4.339               0            -955               1               1;
   351    4.351               0           -1159               1               1;
   352    4.363               0           -1139               1               1;
   353    4.376               0            -920               1               1;
   354    4.388               0            -532               1               0;
   355    4.401               0             -55               1              -0;
   356    4.413               0             428               1              -0;
   357    4.425               0             835               1              -1;
   358    4.438               0            1076               2              -1;
   359    4.450               0            1091               2              -1;
   360    4.463               0             892               2              -1;
   361    4.475               0             510               2              -1;
   362    4.487               0              20               2              -1;
   363    4.500               0            -478               1               1;
   364    4.512               0            -885               1               1;
   365    4.524               0           -1129               1               1;
   366    4.537               0           -1152               1               1;
   367    4.549               0            -972               1               1;
   368    4.562               0            -617               1               0;
   369    4.574               0            -159               1               0;
   370    4.586               0             324               1               0;
   371    4.599               0             751               1               0;
   372    4.611               0            1031               2               0;
   373    4.624               0            1091               2               0;
   374    4.636               0             933               2               0;
   375    4.648               0             582               2               0;
   376    4.661               0             111               2               0;
   377    4.673               0            -386               1               1;
   378    4.686               0            -807               1               1;
   379    4.698               0           -1082               1               1;
   380    4.710               0           -1141               1               1;
   381    4.723               0            -995               1               1;
   382    4.735               0            -670               1               0;
   383    4.748               0            -230               1               0;
   384    4.760               0             246               1               0;
   385    4.772               0             678               1               0;
   386    4.785               0             982               2               0;
   387    4.797               0            1073               2               0;
   388    4.810               0             947               2               0;
   389    4.822               0             622               2               0;
   390    4.834               0             171               2               0;
   391    4.847               0            -320               1               1;
   392    4.859               0            -749               1               1;
   393    4.872               0           -1038               1               1;
   394    4.884               0           -1125               1               1;
   395    4.896               0           -1002               1               1;
   396    4.909               0            -696               1               0;
   397    4.921               0            -268               1               0;
   398    4.934               0             201               1               0;
   399    4.946               0             633               1               0;
   400    4.958               0             945               2               0;
   401    4.971               0            1060               2               0;
   402    4.983               0             952               2               0;
   403    4.996               0             646               2               0;
   404    5.008               0             207               2               0;
   405    5.020               0            -278               1               1;
   406    5.033               0            -711               1               1;
   407    5.045               0           -1014               1               1;
   408    5.058               0           -1115               1               1;
   409    5.070               0           -1010               1               1;
   410    5.082               0            -720               1               0;
   411    5.095               0            -304               1               0;
   412    5.107               0             160               1               0;
   413    5.119               0             594               1               0;
   414    5.132               0             917               2               0;
   415    5.144               0            1050               2               0;
   416    5.157               0             960               2               0;
   417    5.169               0             670               2               0;
   418    5.181               0             242               2               0;
   419    5.194               0            -238               1               1;
   420    5.206               0            -673               1               1;
   421    5.219               0            -983               1               1;
   422    5.231               0           -1105               1               1;
   423    5.243               0           -1015               1               1;
   424    5.256               0            -741               1               0;
   425    5.268               0            -336               1               0;
   426    5.281               0             123               1               0;
   427    5.293               0             558               1               0;
   428    5.305               0             890               2               0;
   429    5.318               0            1039               2               0;
   430    5.330               0             966               2               0;
   431    5.343               0             690               2               0;
   432    5.355               0             274               2               0;
   433    5.367               0            -201               1               1;
   434    5.380               0            -639               1               1;
   435    5.392               0            -956               1               1;
   436    5.405               0           -1094               1               1;
   437    5.417               0           -1019               1               1;
   438    5.429               0            -759               1               0;
   439    5.442               0            -363               1               0;
   440    5.454               0              90               1               0;
   441    5.467               0             525               1               0;
   442    5.479               0             862               1               0;
   443    5.491               0            1026               2               0;
   444    5.504               0             966               2               0;
   445    5.516               0             704               2               0;
   446    5.529               0             300               2               0;
   447    5.541               0            -170               1               1;
   448    5.553               0            -608               1               1;
   449    5.566               0            -929               1               1;
   450    5.578               0           -1080               1               1;
   451    5.591               0           -1018               1               1;
   452    5.603               0            -768               1               1;
   453    5.615               0            -382               1               0;
   454    5.628               0              66               1               0;
   455    5.640               0             500               1               0;
   456    5.653               0             843               1               0;
   457    5.665               0            1015               2               0;
   458    5.677               0             966               2               0;
   459    5.690               0             714               2               0;
   460    5.702               0             316               2               0;
   461    5.714               0            -150               1               1;
   462    5.727               0            -587               1               1;
   463    5.739               0            -913               1               1;
   464    5.752               0           -1071               1               1;
   465    5.764               0           -1018               1               1;
   466    5.776               0            -777               1               1;
   467    5.789               0            -396               1               0;
   468    5.801               0              48               1               0;
   469    5.814               0             481               1               0;
   470    5.826               0             826               1               0;
   471    5.838               0            1005               2               0;
   472    5.851               0             968               2               0;
   473    5.863               0             727               2               0;
   474    5.876               0             337               2               0;
   475    5.888               0            -125               1               1;
   476    5.900               0            -564               1               1;
   477    5.913               0            -897               1               1;
   478    5.925               0           -1064               1               1;
   479    5.938               0           -1020               1               1;
   480    5.950               0            -789               1               1;
   481    5.962               0            -416               1               0;
   482    5.975               0              25               1               0;
   483    5.987               0             459               1               0]
