 Sample   Time     Commanded Pos   Encoder 1 Pos   Control Effort

[    0    0.000            2031              30         -0.2698;
     1    0.014            2031              32         -0.0623;
     2    0.028            2031              33         -0.0415;
     3    0.043            2031              34         -0.0201;
     4    0.057            2031              34          0.0012;
     5    0.071            2031              34          0.0232;
     6    0.085            2031              34          0.0446;
     7    0.099            2031              34          0.0659;
     8    0.113            2031              34          0.0873;
     9    0.128            2031              34          0.1087;
    10    0.142            2031              34          0.1300;
    11    0.156            2031              38          0.1514;
    12    0.170            2031              45          0.1728;
    13    0.184            2031              54          0.1929;
    14    0.198            2031              66          0.2137;
    15    0.213            2031              79          0.2332;
    16    0.227            2031              94          0.2527;
    17    0.241            2031             111          0.2723;
    18    0.255            2031             130          0.2912;
    19    0.269            2031             149          0.3095;
    20    0.283            2031             169          0.3284;
    21    0.298            2031             188          0.3462;
    22    0.312            2031             208          0.3645;
    23    0.326            2031             227          0.3822;
    24    0.340            2031             247          0.3993;
    25    0.354            2031             266          0.4170;
    26    0.368            2031             286          0.4341;
    27    0.383            2031             307          0.4505;
    28    0.397            2031             329          0.4670;
    29    0.411            2031             353          0.4835;
    30    0.425            2031             378          0.4988;
    31    0.439            2031             405          0.5140;
    32    0.453            2031             435          0.5287;
    33    0.468            2031             467          0.5433;
    34    0.482            2031             500          0.5568;
    35    0.496            2031             533          0.5702;
    36    0.510            2031             564          0.5830;
    37    0.524            2031             592          0.5958;
    38    0.538            2031             617          0.6087;
    39    0.553            2031             639          0.6215;
    40    0.567            2031             657          0.6349;
    41    0.581            2031             674          0.6477;
    42    0.595            2031             691          0.6606;
    43    0.609            2031             707          0.6734;
    44    0.623            2031             722          0.6862;
    45    0.638            2031             737          0.6990;
    46    0.652            2031             750          0.7112;
    47    0.666            2031             765          0.7241;
    48    0.680            2031             779          0.7363;
    49    0.694            2031             794          0.7479;
    50    0.708            2031             810          0.7601;
    51    0.723            2031             827          0.7717;
    52    0.737            2031             847          0.7827;
    53    0.751            2031             868          0.7937;
    54    0.765            2031             891          0.8040;
    55    0.779            2031             914          0.8138;
    56    0.793            2031             936          0.8236;
    57    0.808            2031             957          0.8333;
    58    0.822            2031             977          0.8431;
    59    0.836            2031             995          0.8523;
    60    0.850            2031            1010          0.8620;
    61    0.864            2031            1022          0.8718;
    62    0.878            2031            1030          0.8816;
    63    0.893            2031            1037          0.8913;
    64    0.907            2031            1042          0.9011;
    65    0.921            2031            1046          0.9115;
    66    0.935            2031            1051          0.9219;
    67    0.949            2031            1056          0.9316;
    68    0.963            2031            1061          0.9420;
    69    0.978            2031            1068          0.9518;
    70    0.992            2031            1074          0.9615;
    71    1.006            2031            1081          0.9713;
    72    1.020            2031            1088          0.9805;
    73    1.034            2031            1096          0.9902;
    74    1.048            2031            1104          0.9994;
    75    1.063            2031            1115          1.0085;
    76    1.077            2031            1128          1.0171;
    77    1.091            2031            1142          1.0256;
    78    1.105            2031            1159          1.0336;
    79    1.119            2031            1177          1.0415;
    80    1.133            2031            1196          1.0488;
    81    1.148            2031            1216          1.0556;
    82    1.162            2031            1237          1.0629;
    83    1.176            2031            1258          1.0690;
    84    1.190            2031            1280          1.0757;
    85    1.204            2031            1301          1.0812;
    86    1.218            2031            1322          1.0873;
    87    1.233            2031            1341          1.0928;
    88    1.247            2031            1358          1.0983;
    89    1.261            2031            1372          1.1044;
    90    1.275            2031            1384          1.1099;
    91    1.289            2031            1391          1.1160;
    92    1.303            2031            1396          1.1221;
    93    1.318            2031            1397          1.1288;
    94    1.332            2031            1396          1.1355;
    95    1.346            2031            1396          1.1422;
    96    1.360            2031            1396          1.1490;
    97    1.374            2031            1397          1.1557;
    98    1.388            2031            1397          1.1630;
    99    1.403            2031            1397          1.1697;
   100    1.417            2031            1397          1.1764;
   101    1.431            2031            1397          1.1832;
   102    1.445            2031            1397          1.1899;
   103    1.459            2031            1397          1.1966;
   104    1.473            2031            1398          1.2039;
   105    1.488            2031            1400          1.2100;
   106    1.502            2031            1402          1.2167;
   107    1.516            2031            1405          1.2234;
   108    1.530            2031            1410          1.2295;
   109    1.544            2031            1415          1.2363;
   110    1.558            2031            1421          1.2418;
   111    1.573            2031            1427          1.2479;
   112    1.587            2031            1433          1.2540;
   113    1.601            2031            1441          1.2595;
   114    1.615            2031            1450          1.2656;
   115    1.629            2031            1461          1.2705;
   116    1.643            2031            1472          1.2759;
   117    1.658            2031            1484          1.2808;
   118    1.672            2031            1498          1.2851;
   119    1.686            2031            1512          1.2894;
   120    1.700            2031            1525          1.2937;
   121    1.714            2031            1538          1.2979;
   122    1.728            2031            1552          1.3022;
   123    1.743            2031            1565          1.3059;
   124    1.757            2031            1578          1.3095;
   125    1.771            2031            1591          1.3132;
   126    1.785            2031            1606          1.3168;
   127    1.799            2031            1621          1.3199;
   128    1.813            2031            1635          1.3230;
   129    1.828            2031            1649          1.3254;
   130    1.842            2031            1661          1.3284;
   131    1.856            2031            1672          1.3315;
   132    1.870            2031            1680          1.3339;
   133    1.884            2031            1685          1.3376;
   134    1.898            2031            1688          1.3407;
   135    1.913            2031            1688          1.3443;
   136    1.927            2031            1688          1.3480;
   137    1.941            2031            1688          1.3516;
   138    1.955            2031            1688          1.3553;
   139    1.969            2031            1688          1.3590;
   140    1.983            2031            1688          1.3626;
   141    1.998            2031            1688          1.3663;
   142    2.012            2031            1688          1.3700;
   143    2.026            2031            1688          1.3736;
   144    2.040            2031            1688          1.3773;
   145    2.054            2031            1688          1.3810;
   146    2.068            2031            1688          1.3846;
   147    2.083            2031            1688          1.3883;
   148    2.097            2031            1688          1.3919;
   149    2.111            2031            1688          1.3956;
   150    2.125            2031            1689          1.3993;
   151    2.139            2031            1689          1.4029;
   152    2.153            2031            1690          1.4066;
   153    2.168            2031            1691          1.4103;
   154    2.182            2031            1692          1.4139;
   155    2.196            2031            1693          1.4176;
   156    2.210            2031            1694          1.4206;
   157    2.224            2031            1696          1.4243;
   158    2.238            2031            1698          1.4280;
   159    2.253            2031            1700          1.4310;
   160    2.267            2031            1702          1.4347;
   161    2.281            2031            1705          1.4377;
   162    2.295            2031            1709          1.4408;
   163    2.309            2031            1713          1.4438;
   164    2.323            2031            1720          1.4469;
   165    2.338            2031            1727          1.4499;
   166    2.352            2031            1735          1.4524;
   167    2.366            2031            1744          1.4548;
   168    2.380            2031            1752          1.4567;
   169    2.394            2031            1757          1.4591;
   170    2.408            2031            1760          1.4615;
   171    2.423            2031            1762          1.4646;
   172    2.437            2031            1763          1.4670;
   173    2.451            2031            1763          1.4701;
   174    2.465            2031            1763          1.4725;
   175    2.479            2031            1763          1.4756;
   176    2.493            2031            1763          1.4786;
   177    2.508            2031            1763          1.4817;
   178    2.522            2031            1763          1.4841;
   179    2.536            2031            1764          1.4872;
   180    2.550            2031            1764          1.4896;
   181    2.564            2031            1765          1.4927;
   182    2.578            2031            1766          1.4957;
   183    2.593            2031            1767          1.4982;
   184    2.607            2031            1769          1.5012;
   185    2.621            2031            1770          1.5037;
   186    2.635            2031            1772          1.5061;
   187    2.649            2031            1775          1.5092;
   188    2.663            2031            1778          1.5116;
   189    2.678            2031            1781          1.5140;
   190    2.692            2031            1785          1.5159;
   191    2.706            2031            1787          1.5183;
   192    2.720            2031            1790          1.5208;
   193    2.734            2031            1792          1.5232;
   194    2.748            2031            1794          1.5256;
   195    2.763            2031            1795          1.5281;
   196    2.777            2031            1798          1.5305;
   197    2.791            2031            1801          1.5324;
   198    2.805            2031            1804          1.5348;
   199    2.819            2031            1808          1.5366;
   200    2.833            2031            1813          1.5391;
   201    2.848            2031            1819          1.5409;
   202    2.862            2031            1826          1.5421;
   203    2.876            2031            1834          1.5440;
   204    2.890            2031            1842          1.5452;
   205    2.904            2031            1848          1.5464;
   206    2.918            2031            1854          1.5476;
   207    2.933            2031            1858          1.5495;
   208    2.947            2031            1861          1.5507;
   209    2.961            2031            1863          1.5525;
   210    2.975            2031            1863          1.5537;
   211    2.989            2031            1863          1.5556;
   212    3.003            2031            1863          1.5574;
   213    3.018            2031            1863          1.5592;
   214    3.032            2031            1863          1.5611;
   215    3.046            2031            1863          1.5629;
   216    3.060            2031            1863          1.5647;
   217    3.074            2031            1863          1.5665;
   218    3.088            2031            1863          1.5684;
   219    3.103            2031            1864          1.5702;
   220    3.117            2031            1864          1.5720;
   221    3.131            2031            1864          1.5739;
   222    3.145            2031            1864          1.5757;
   223    3.159            2031            1864          1.5775;
   224    3.173            2031            1865          1.5794;
   225    3.188            2031            1865          1.5806;
   226    3.202            2031            1865          1.5824;
   227    3.216            2031            1866          1.5842;
   228    3.230            2031            1866          1.5861;
   229    3.244            2031            1866          1.5879;
   230    3.258            2031            1867          1.5897;
   231    3.273            2031            1868          1.5910;
   232    3.287            2031            1869          1.5928;
   233    3.301            2031            1869          1.5946;
   234    3.315            2031            1871          1.5965;
   235    3.329            2031            1872          1.5977;
   236    3.343            2031            1873          1.5995;
   237    3.358            2031            1875          1.6007;
   238    3.372            2031            1877          1.6026;
   239    3.386            2031            1880          1.6038;
   240    3.400            2031            1883          1.6050;
   241    3.414            2031            1887          1.6062;
   242    3.428            2031            1890          1.6074;
   243    3.443            2031            1893          1.6087;
   244    3.457            2031            1895          1.6099;
   245    3.471            2031            1896          1.6111;
   246    3.485            2031            1896          1.6129;
   247    3.499            2031            1896          1.6142;
   248    3.513            2031            1896          1.6160;
   249    3.528            2031            1896          1.6172;
   250    3.542            2031            1896          1.6184;
   251    3.556            2031            1896          1.6203;
   252    3.570            2031            1896          1.6215;
   253    3.584            2031            1897          1.6227;
   254    3.598            2031            1897          1.6245;
   255    3.613            2031            1897          1.6258;
   256    3.627            2031            1897          1.6270;
   257    3.641            2031            1897          1.6288;
   258    3.655            2031            1897          1.6300;
   259    3.669            2031            1897          1.6313;
   260    3.683            2031            1897          1.6331;
   261    3.698            2031            1897          1.6343;
   262    3.712            2031            1898          1.6355;
   263    3.726            2031            1898          1.6374;
   264    3.740            2031            1898          1.6386;
   265    3.754            2031            1898          1.6398;
   266    3.768            2031            1899          1.6416;
   267    3.783            2031            1899          1.6429;
   268    3.797            2031            1899          1.6441;
   269    3.811            2031            1899          1.6453;
   270    3.825            2031            1900          1.6471;
   271    3.839            2031            1900          1.6484;
   272    3.853            2031            1900          1.6496;
   273    3.868            2031            1901          1.6508;
   274    3.882            2031            1901          1.6526;
   275    3.896            2031            1901          1.6538;
   276    3.910            2031            1902          1.6551;
   277    3.924            2031            1902          1.6563;
   278    3.938            2031            1903          1.6581;
   279    3.953            2031            1903          1.6593;
   280    3.967            2031            1904          1.6606;
   281    3.981            2031            1904          1.6618;
   282    3.995            2031            1905          1.6630;
   283    4.009            2031            1906          1.6642;
   284    4.023            2031            1907          1.6654;
   285    4.038            2031            1908          1.6667;
   286    4.052            2031            1909          1.6679;
   287    4.066            2031            1911          1.6691;
   288    4.080            2031            1913          1.6703;
   289    4.094            2031            1916          1.6716;
   290    4.108            2031            1921          1.6722;
   291    4.123            2031            1927          1.6728;
   292    4.137            2031            1936          1.6734;
   293    4.151            2031            1948          1.6734;
   294    4.165            2031            1963          1.6734;
   295    4.179            2031            1977          1.6722;
   296    4.193            2031            1990          1.6716;
   297    4.208            2031            2003          1.6709;
   298    4.222            2031            2017          1.6697;
   299    4.236            2031            2030          1.6685;
   300    4.250            2031            2040          1.6679;
   301    4.264            2031            2049          1.6667;
   302    4.278            2031            2056          1.6654;
   303    4.293            2031            2060          1.6648;
   304    4.307            2031            2062          1.6642;
   305    4.321            2031            2062          1.6636;
   306    4.335            2031            2062          1.6630;
   307    4.349            2031            2062          1.6630;
   308    4.363            2031            2062          1.6624;
   309    4.378            2031            2062          1.6624;
   310    4.392            2031            2062          1.6618;
   311    4.406            2031            2062          1.6618;
   312    4.420            2031            2062          1.6612;
   313    4.434            2031            2062          1.6612;
   314    4.448            2031            2062          1.6606;
   315    4.463            2031            2062          1.6606;
   316    4.477            2031            2062          1.6600;
   317    4.491            2031            2062          1.6593;
   318    4.505            2031            2062          1.6593;
   319    4.519            2031            2062          1.6587;
   320    4.533            2031            2062          1.6587;
   321    4.548            2031            2062          1.6581;
   322    4.562            2031            2062          1.6581;
   323    4.576            2031            2062          1.6575;
   324    4.590            2031            2062          1.6575;
   325    4.604            2031            2062          1.6569;
   326    4.618            2031            2062          1.6569;
   327    4.633            2031            2062          1.6563;
   328    4.647            2031            2062          1.6557;
   329    4.661            2031            2062          1.6557;
   330    4.675            2031            2062          1.6551;
   331    4.689            2031            2062          1.6551;
   332    4.703            2031            2062          1.6545;
   333    4.718            2031            2062          1.6545;
   334    4.732            2031            2062          1.6538;
   335    4.746            2031            2062          1.6538;
   336    4.760            2031            2062          1.6532;
   337    4.774            2031            2062          1.6532;
   338    4.788            2031            2062          1.6526;
   339    4.803            2031            2062          1.6520;
   340    4.817            2031            2062          1.6520;
   341    4.831            2031            2062          1.6514;
   342    4.845            2031            2062          1.6514;
   343    4.859            2031            2062          1.6508;
   344    4.873            2031            2062          1.6508;
   345    4.888            2031            2062          1.6502;
   346    4.902            2031            2062          1.6502;
   347    4.916            2031            2062          1.6496;
   348    4.930            2031            2062          1.6496;
   349    4.944            2031            2062          1.6490;
   350    4.958            2031            2062          1.6484;
   351    4.973            2031            2062          1.6484;
   352    4.987            2031            2062          1.6477;
   353    5.001            2031            2062          1.6477;
   354    5.015            2031            2062          1.6471;
   355    5.029            2031            2062          1.6471;
   356    5.043            2031            2062          1.6465;
   357    5.058            2031            2062          1.6465;
   358    5.072            2031            2062          1.6459;
   359    5.086            2031            2062          1.6459;
   360    5.100            2031            2062          1.6453;
   361    5.114            2031            2062          1.6447;
   362    5.128            2031            2062          1.6447;
   363    5.143            2031            2062          1.6441;
   364    5.157            2031            2062          1.6441;
   365    5.171            2031            2062          1.6435;
   366    5.185            2031            2062          1.6435;
   367    5.199            2031            2062          1.6429;
   368    5.213            2031            2062          1.6429;
   369    5.228            2031            2062          1.6422;
   370    5.242            2031            2062          1.6416;
   371    5.256            2031            2062          1.6416;
   372    5.270            2031            2062          1.6410;
   373    5.284            2031            2062          1.6410;
   374    5.298            2031            2062          1.6404;
   375    5.313            2031            2062          1.6404;
   376    5.327            2031            2062          1.6398;
   377    5.341            2031            2062          1.6398;
   378    5.355            2031            2062          1.6392;
   379    5.369            2031            2062          1.6392;
   380    5.383            2031            2062          1.6386;
   381    5.398            2031            2062          1.6380;
   382    5.412            2031            2062          1.6380;
   383    5.426            2031            2062          1.6374;
   384    5.440            2031            2062          1.6374;
   385    5.454            2031            2062          1.6368;
   386    5.468            2031            2062          1.6368;
   387    5.483            2031            2062          1.6361;
   388    5.497            2031            2062          1.6361;
   389    5.511            2031            2062          1.6355;
   390    5.525            2031            2062          1.6355;
   391    5.539            2031            2062          1.6349;
   392    5.553            2031            2062          1.6343;
   393    5.568            2031            2062          1.6343;
   394    5.582            2031            2062          1.6337;
   395    5.596            2031            2062          1.6337;
   396    5.610            2031            2062          1.6331;
   397    5.624            2031            2062          1.6331;
   398    5.638            2031            2062          1.6325;
   399    5.653            2031            2062          1.6325;
   400    5.667            2031            2062          1.6319;
   401    5.681            2031            2062          1.6319;
   402    5.695            2031            2062          1.6313;
   403    5.709            2031            2062          1.6306;
   404    5.723            2031            2062          1.6306;
   405    5.738            2031            2062          1.6300;
   406    5.752            2031            2062          1.6300;
   407    5.766            2031            2062          1.6294;
   408    5.780            2031            2062          1.6294;
   409    5.794            2031            2062          1.6288;
   410    5.808            2031            2062          1.6288;
   411    5.823            2031            2062          1.6282;
   412    5.837            2031            2062          1.6282;
   413    5.851            2031            2062          1.6276;
   414    5.865            2031            2062          1.6270;
   415    5.879            2031            2062          1.6270;
   416    5.893            2031            2062          1.6264;
   417    5.908            2031            2062          1.6264;
   418    5.922            2031            2062          1.6258;
   419    5.936            2031            2062          1.6258;
   420    5.950            2031            2062          1.6252;
   421    5.964            2031            2062          1.6252;
   422    5.978            2031            2062          1.6245;
   423    5.993            2031            2062          1.6245;
   424    6.007              31            2062          1.6239;
   425    6.021              31            2061          1.4164;
   426    6.035              31            2060          1.3950;
   427    6.049              31            2057          1.3730;
   428    6.063              31            2054          1.3516;
   429    6.078              31            2052          1.3303;
   430    6.092              31            2051          1.3089;
   431    6.106              31            2049          1.2869;
   432    6.120              31            2047          1.2656;
   433    6.134              31            2043          1.2442;
   434    6.148              31            2037          1.2228;
   435    6.163              31            2027          1.2021;
   436    6.177              31            2016          1.1819;
   437    6.191              31            2003          1.1612;
   438    6.205              31            1986          1.1416;
   439    6.219              31            1966          1.1221;
   440    6.233              31            1942          1.1038;
   441    6.248              31            1917          1.0855;
   442    6.262              31            1887          1.0678;
   443    6.276              31            1854          1.0507;
   444    6.290              31            1818          1.0342;
   445    6.304              31            1780          1.0189;
   446    6.318              31            1741          1.0037;
   447    6.333              31            1702          0.9890;
   448    6.347              31            1664          0.9750;
   449    6.361              31            1629          0.9609;
   450    6.375              31            1596          0.9469;
   451    6.389              31            1568          0.9335;
   452    6.403              31            1544          0.9194;
   453    6.418              31            1523          0.9054;
   454    6.432              31            1505          0.8913;
   455    6.446              31            1490          0.8767;
   456    6.460              31            1478          0.8626;
   457    6.474              31            1469          0.8480;
   458    6.488              31            1462          0.8333;
   459    6.503              31            1456          0.8187;
   460    6.517              31            1452          0.8040;
   461    6.531              31            1448          0.7888;
   462    6.545              31            1444          0.7741;
   463    6.559              31            1439          0.7595;
   464    6.573              31            1431          0.7448;
   465    6.588              31            1418          0.7308;
   466    6.602              31            1403          0.7173;
   467    6.616              31            1384          0.7039;
   468    6.630              31            1362          0.6911;
   469    6.644              31            1339          0.6789;
   470    6.658              31            1315          0.6673;
   471    6.673              31            1291          0.6557;
   472    6.687              31            1267          0.6447;
   473    6.701              31            1244          0.6337;
   474    6.715              31            1221          0.6227;
   475    6.729              31            1199          0.6123;
   476    6.743              31            1179          0.6020;
   477    6.758              31            1159          0.5916;
   478    6.772              31            1142          0.5812;
   479    6.786              31            1127          0.5708;
   480    6.800              31            1114          0.5604;
   481    6.814              31            1103          0.5501;
   482    6.828              31            1092          0.5391;
   483    6.843              31            1082          0.5287;
   484    6.857              31            1070          0.5189;
   485    6.871              31            1059          0.5085;
   486    6.885              31            1049          0.4988;
   487    6.899              31            1037          0.4890;
   488    6.913              31            1026          0.4792;
   489    6.928              31            1013          0.4695;
   490    6.942              31             998          0.4603;
   491    6.956              31             984          0.4512;
   492    6.970              31             971          0.4426;
   493    6.984              31             958          0.4335;
   494    6.998              31             946          0.4249;
   495    7.013              31             935          0.4158;
   496    7.027              31             925          0.4072;
   497    7.041              31             915          0.3987;
   498    7.055              31             905          0.3901;
   499    7.069              31             897          0.3816;
   500    7.083              31             890          0.3730;
   501    7.098              31             884          0.3645;
   502    7.112              31             880          0.3559;
   503    7.126              31             876          0.3474;
   504    7.140              31             873          0.3382;
   505    7.154              31             870          0.3297;
   506    7.168              31             867          0.3211;
   507    7.183              31             865          0.3120;
   508    7.197              31             863          0.3034;
   509    7.211              31             862          0.2949;
   510    7.225              31             861          0.2857;
   511    7.239              31             859          0.2772;
   512    7.253              31             857          0.2680;
   513    7.268              31             854          0.2595;
   514    7.282              31             851          0.2509;
   515    7.296              31             846          0.2424;
   516    7.310              31             839          0.2344;
   517    7.324              31             829          0.2265;
   518    7.338              31             817          0.2192;
   519    7.353              31             800          0.2118;
   520    7.367              31             780          0.2051;
   521    7.381              31             756          0.1990;
   522    7.395              31             728          0.1941;
   523    7.409              31             697          0.1893;
   524    7.423              31             664          0.1850;
   525    7.438              31             627          0.1813;
   526    7.452              31             588          0.1789;
   527    7.466              31             549          0.1764;
   528    7.480              31             509          0.1746;
   529    7.494              31             469          0.1734;
   530    7.508              31             436          0.1722;
   531    7.523              31             408          0.1709;
   532    7.537              31             387          0.1697;
   533    7.551              31             373          0.1673;
   534    7.565              31             365          0.1648;
   535    7.579              31             362          0.1618;
   536    7.593              31             364          0.1587;
   537    7.608              31             365          0.1551;
   538    7.622              31             365          0.1514;
   539    7.636              31             365          0.1477;
   540    7.650              31             365          0.1441;
   541    7.664              31             365          0.1404;
   542    7.678              31             365          0.1368;
   543    7.693              31             365          0.1331;
   544    7.707              31             365          0.1294;
   545    7.721              31             365          0.1258;
   546    7.735              31             365          0.1227;
   547    7.749              31             365          0.1190;
   548    7.763              31             365          0.1154;
   549    7.778              31             365          0.1117;
   550    7.792              31             365          0.1081;
   551    7.806              31             364          0.1044;
   552    7.820              31             364          0.1013;
   553    7.834              31             364          0.0977;
   554    7.848              31             364          0.0940;
   555    7.863              31             364          0.0904;
   556    7.877              31             364          0.0867;
   557    7.891              31             364          0.0830;
   558    7.905              31             364          0.0794;
   559    7.919              31             364          0.0763;
   560    7.933              31             364          0.0726;
   561    7.948              31             364          0.0690;
   562    7.962              31             363          0.0653;
   563    7.976              31             363          0.0617;
   564    7.990              31             363          0.0580;
   565    8.004              31             363          0.0549;
   566    8.018              31             362          0.0513;
   567    8.033              31             362          0.0476;
   568    8.047              31             361          0.0440;
   569    8.061              31             361          0.0403;
   570    8.075              31             360          0.0372;
   571    8.089              31             359          0.0336;
   572    8.103              31             358          0.0299;
   573    8.118              31             357          0.0269;
   574    8.132              31             355          0.0232;
   575    8.146              31             353          0.0201;
   576    8.160              31             351          0.0171;
   577    8.174              31             348          0.0134;
   578    8.188              31             344          0.0104;
   579    8.203              31             339          0.0073;
   580    8.217              31             334          0.0049;
   581    8.231              31             328          0.0018;
   582    8.245              31             321         -0.0006;
   583    8.259              31             314         -0.0031;
   584    8.273              31             306         -0.0055;
   585    8.288              31             297         -0.0073;
   586    8.302              31             289         -0.0098;
   587    8.316              31             280         -0.0116;
   588    8.330              31             272         -0.0134;
   589    8.344              31             264         -0.0153;
   590    8.358              31             256         -0.0171;
   591    8.373              31             249         -0.0183;
   592    8.387              31             243         -0.0201;
   593    8.401              31             238         -0.0220;
   594    8.415              31             235         -0.0238;
   595    8.429              31             233         -0.0256;
   596    8.443              31             231         -0.0275;
   597    8.458              31             231         -0.0299;
   598    8.472              31             230         -0.0317;
   599    8.486              31             230         -0.0342;
   600    8.500              31             230         -0.0360;
   601    8.514              31             229         -0.0379;
   602    8.528              31             229         -0.0403;
   603    8.543              31             228         -0.0421;
   604    8.557              31             228         -0.0446;
   605    8.571              31             227         -0.0464;
   606    8.585              31             227         -0.0482;
   607    8.599              31             225         -0.0507;
   608    8.613              31             224         -0.0525;
   609    8.628              31             223         -0.0543;
   610    8.642              31             222         -0.0562;
   611    8.656              31             220         -0.0586;
   612    8.670              31             217         -0.0604;
   613    8.684              31             215         -0.0617;
   614    8.698              31             212         -0.0635;
   615    8.713              31             209         -0.0653;
   616    8.727              31             206         -0.0672;
   617    8.741              31             203         -0.0684;
   618    8.755              31             201         -0.0702;
   619    8.769              31             199         -0.0714;
   620    8.783              31             197         -0.0733;
   621    8.798              31             197         -0.0751;
   622    8.812              31             197         -0.0769;
   623    8.826              31             197         -0.0788;
   624    8.840              31             196         -0.0806;
   625    8.854              31             196         -0.0818;
   626    8.868              31             196         -0.0836;
   627    8.883              31             196         -0.0855;
   628    8.897              31             196         -0.0873;
   629    8.911              31             196         -0.0891;
   630    8.925              31             196         -0.0910;
   631    8.939              31             196         -0.0928;
   632    8.953              31             195         -0.0946;
   633    8.968              31             195         -0.0958;
   634    8.982              31             195         -0.0977;
   635    8.996              31             195         -0.0995;
   636    9.010              31             194         -0.1013;
   637    9.024              31             194         -0.1032;
   638    9.038              31             193         -0.1050;
   639    9.053              31             193         -0.1062;
   640    9.067              31             193         -0.1081;
   641    9.081              31             192         -0.1099;
   642    9.095              31             191         -0.1117;
   643    9.109              31             190         -0.1129;
   644    9.123              31             189         -0.1148;
   645    9.138              31             187         -0.1166;
   646    9.152              31             185         -0.1178;
   647    9.166              31             182         -0.1190;
   648    9.180              31             178         -0.1209;
   649    9.194              31             173         -0.1215;
   650    9.208              31             166         -0.1227;
   651    9.223              31             159         -0.1233;
   652    9.237              31             151         -0.1239;
   653    9.251              31             144         -0.1245;
   654    9.265              31             137         -0.1252;
   655    9.279              31             130         -0.1258;
   656    9.293              31             124         -0.1264;
   657    9.308              31             120         -0.1264;
   658    9.322              31             117         -0.1270;
   659    9.336              31             116         -0.1282;
   660    9.350              31             116         -0.1288;
   661    9.364              31             116         -0.1294;
   662    9.378              31             116         -0.1306;
   663    9.393              31             116         -0.1313;
   664    9.407              31             116         -0.1325;
   665    9.421              31             116         -0.1331;
   666    9.435              31             116         -0.1343;
   667    9.449              31             116         -0.1349;
   668    9.463              31             116         -0.1361;
   669    9.478              31             116         -0.1368;
   670    9.492              31             116         -0.1380;
   671    9.506              31             116         -0.1386;
   672    9.520              31             115         -0.1398;
   673    9.534              31             115         -0.1404;
   674    9.548              31             115         -0.1416;
   675    9.563              31             115         -0.1422;
   676    9.577              31             115         -0.1435;
   677    9.591              31             115         -0.1441;
   678    9.605              31             115         -0.1453;
   679    9.619              31             115         -0.1459;
   680    9.633              31             115         -0.1471;
   681    9.648              31             115         -0.1477;
   682    9.662              31             115         -0.1490;
   683    9.676              31             115         -0.1496;
   684    9.690              31             115         -0.1508;
   685    9.704              31             115         -0.1514;
   686    9.718              31             115         -0.1526;
   687    9.733              31             115         -0.1532;
   688    9.747              31             115         -0.1538;
   689    9.761              31             115         -0.1551;
   690    9.775              31             115         -0.1557;
   691    9.789              31             115         -0.1569;
   692    9.803              31             115         -0.1575;
   693    9.818              31             115         -0.1587;
   694    9.832              31             115         -0.1593;
   695    9.846              31             115         -0.1606;
   696    9.860              31             114         -0.1612;
   697    9.874              31             114         -0.1624;
   698    9.888              31             114         -0.1630;
   699    9.903              31             114         -0.1636;
   700    9.917              31             114         -0.1648;
   701    9.931              31             114         -0.1654;
   702    9.945              31             114         -0.1667;
   703    9.959              31             113         -0.1673;
   704    9.973              31             113         -0.1685;
   705    9.988              31             113         -0.1691;
   706   10.002              31             113         -0.1703;
   707   10.016              31             113         -0.1709;
   708   10.030              31             113         -0.1716;
   709   10.044              31             113         -0.1728;
   710   10.058              31             112         -0.1734;
   711   10.073              31             112         -0.1746;
   712   10.087              31             112         -0.1752;
   713   10.101              31             112         -0.1758;
   714   10.115              31             112         -0.1770;
   715   10.129              31             112         -0.1777;
   716   10.143              31             112         -0.1789;
   717   10.158              31             111         -0.1795;
   718   10.172              31             111         -0.1801;
   719   10.186              31             111         -0.1813;
   720   10.200              31             111         -0.1819;
   721   10.214              31             111         -0.1832;
   722   10.228              31             111         -0.1838;
   723   10.243              31             111         -0.1844;
   724   10.257              31             110         -0.1856;
   725   10.271              31             110         -0.1862;
   726   10.285              31             110         -0.1874;
   727   10.299              31             110         -0.1880;
   728   10.313              31             110         -0.1886;
   729   10.328              31             110         -0.1899;
   730   10.342              31             109         -0.1905;
   731   10.356              31             109         -0.1911;
   732   10.370              31             109         -0.1923;
   733   10.384              31             109         -0.1929;
   734   10.398              31             109         -0.1935;
   735   10.413              31             109         -0.1947;
   736   10.427              31             109         -0.1954;
   737   10.441              31             108         -0.1960;
   738   10.455              31             108         -0.1972;
   739   10.469              31             108         -0.1978;
   740   10.483              31             108         -0.1984;
   741   10.498              31             108         -0.1996;
   742   10.512              31             108         -0.2002;
   743   10.526              31             108         -0.2009;
   744   10.540              31             107         -0.2021;
   745   10.554              31             107         -0.2027;
   746   10.568              31             107         -0.2033;
   747   10.583              31             107         -0.2045;
   748   10.597              31             107         -0.2051;
   749   10.611              31             107         -0.2057;
   750   10.625              31             106         -0.2070;
   751   10.639              31             106         -0.2076;
   752   10.653              31             106         -0.2082;
   753   10.668              31             106         -0.2094;
   754   10.682              31             106         -0.2100;
   755   10.696              31             106         -0.2106;
   756   10.710              31             105         -0.2112;
   757   10.724              31             105         -0.2125;
   758   10.738              31             105         -0.2131;
   759   10.753              31             105         -0.2137;
   760   10.767              31             105         -0.2149;
   761   10.781              31             104         -0.2155;
   762   10.795              31             104         -0.2161;
   763   10.809              31             104         -0.2167;
   764   10.823              31             104         -0.2179;
   765   10.838              31             104         -0.2186;
   766   10.852              31             103         -0.2192;
   767   10.866              31             103         -0.2198;
   768   10.880              31             103         -0.2204;
   769   10.894              31             102         -0.2216;
   770   10.908              31             102         -0.2222;
   771   10.923              31             101         -0.2228;
   772   10.937              31             101         -0.2234;
   773   10.951              31             101         -0.2241;
   774   10.965              31             100         -0.2253;
   775   10.979              31             100         -0.2259;
   776   10.993              31              99         -0.2265;
   777   11.008              31              99         -0.2271;
   778   11.022              31              97         -0.2277;
   779   11.036              31              96         -0.2283;
   780   11.050              31              95         -0.2289;
   781   11.064              31              94         -0.2295;
   782   11.078              31              92         -0.2302;
   783   11.093              31              91         -0.2308;
   784   11.107              31              89         -0.2308;
   785   11.121              31              88         -0.2314;
   786   11.135              31              87         -0.2320;
   787   11.149              31              85         -0.2326;
   788   11.163              31              84         -0.2332;
   789   11.178              31              84         -0.2332;
   790   11.192              31              83         -0.2338;
   791   11.206              31              82         -0.2344;
   792   11.220              31              81         -0.2350;
   793   11.234              31              81         -0.2357;
   794   11.248              31              80         -0.2357;
   795   11.263              31              79         -0.2363;
   796   11.277              31              78         -0.2369;
   797   11.291              31              78         -0.2369;
   798   11.305              31              77         -0.2375;
   799   11.319              31              77         -0.2381;
   800   11.333              31              76         -0.2387;
   801   11.348              31              76         -0.2387;
   802   11.362              31              76         -0.2393;
   803   11.376              31              76         -0.2399;
   804   11.390              31              75         -0.2405;
   805   11.404              31              75         -0.2405;
   806   11.418              31              75         -0.2411;
   807   11.433              31              75         -0.2418;
   808   11.447              31              74         -0.2424;
   809   11.461              31              74         -0.2424;
   810   11.475              31              74         -0.2430;
   811   11.489              31              74         -0.2436;
   812   11.503              31              73         -0.2442;
   813   11.518              31              73         -0.2442;
   814   11.532              31              73         -0.2448;
   815   11.546              31              73         -0.2454;
   816   11.560              31              73         -0.2454;
   817   11.574              31              72         -0.2460;
   818   11.588              31              72         -0.2466;
   819   11.603              31              72         -0.2466;
   820   11.617              31              72         -0.2473;
   821   11.631              31              72         -0.2479;
   822   11.645              31              72         -0.2485;
   823   11.659              31              72         -0.2485;
   824   11.673              31              72         -0.2491;
   825   11.688              31              71         -0.2497;
   826   11.702              31              71         -0.2497;
   827   11.716              31              71         -0.2503;
   828   11.730              31              71         -0.2509;
   829   11.744              31              71         -0.2509;
   830   11.758              31              71         -0.2515;
   831   11.773              31              71         -0.2521;
   832   11.787              31              70         -0.2521;
   833   11.801              31              70         -0.2527;
   834   11.815              31              70         -0.2534;
   835   11.829              31              70         -0.2534;
   836   11.843              31              70         -0.2540;
   837   11.858              31              70         -0.2546;
   838   11.872              31              70         -0.2546;
   839   11.886              31              70         -0.2552;
   840   11.900              31              69         -0.2558;
   841   11.914              31              69         -0.2558;
   842   11.928              31              69         -0.2564;
   843   11.943              31              69         -0.2570;
   844   11.957              31              69         -0.2570;
   845   11.971              31              69         -0.2576;
   846   11.985              31              69         -0.2582]
