 Sample   Time     Commanded Pos   Encoder 1 Pos   Control Effort

[    0    0.000            2000              -6         -0.1526;
     1    0.014            2000              -6          0.2595;
     2    0.028            2000               3          0.3010;
     3    0.043            2000              23          0.3388;
     4    0.057            2000              49          0.3748;
     5    0.071            2000              81          0.4096;
     6    0.085            2000             120          0.4426;
     7    0.099            2000             163          0.4731;
     8    0.113            2000             210          0.5024;
     9    0.128            2000             263          0.5293;
    10    0.142            2000             318          0.5549;
    11    0.156            2000             378          0.5781;
    12    0.170            2000             441          0.6001;
    13    0.184            2000             506          0.6197;
    14    0.198            2000             571          0.6374;
    15    0.213            2000             634          0.6545;
    16    0.227            2000             695          0.6709;
    17    0.241            2000             752          0.6862;
    18    0.255            2000             807          0.7009;
    19    0.269            2000             858          0.7149;
    20    0.283            2000             903          0.7289;
    21    0.298            2000             942          0.7436;
    22    0.312            2000             973          0.7582;
    23    0.326            2000             996          0.7741;
    24    0.340            2000            1011          0.7912;
    25    0.354            2000            1020          0.8089;
    26    0.368            2000            1022          0.8284;
    27    0.383            2000            1022          0.8486;
    28    0.397            2000            1022          0.8687;
    29    0.411            2000            1022          0.8889;
    30    0.425            2000            1022          0.9090;
    31    0.439            2000            1022          0.9292;
    32    0.453            2000            1022          0.9493;
    33    0.468            2000            1023          0.9695;
    34    0.482            2000            1026          0.9890;
    35    0.496            2000            1029          1.0085;
    36    0.510            2000            1035          1.0275;
    37    0.524            2000            1043          1.0464;
    38    0.538            2000            1054          1.0641;
    39    0.553            2000            1069          1.0812;
    40    0.567            2000            1088          1.0971;
    41    0.581            2000            1113          1.1117;
    42    0.595            2000            1142          1.1245;
    43    0.609            2000            1176          1.1368;
    44    0.623            2000            1214          1.1465;
    45    0.638            2000            1255          1.1551;
    46    0.652            2000            1298          1.1618;
    47    0.666            2000            1340          1.1679;
    48    0.680            2000            1381          1.1734;
    49    0.694            2000            1420          1.1789;
    50    0.708            2000            1455          1.1832;
    51    0.723            2000            1485          1.1880;
    52    0.737            2000            1510          1.1935;
    53    0.751            2000            1528          1.1990;
    54    0.765            2000            1541          1.2057;
    55    0.779            2000            1548          1.2137;
    56    0.793            2000            1551          1.2216;
    57    0.808            2000            1551          1.2308;
    58    0.822            2000            1551          1.2399;
    59    0.836            2000            1551          1.2491;
    60    0.850            2000            1551          1.2582;
    61    0.864            2000            1551          1.2680;
    62    0.878            2000            1551          1.2772;
    63    0.893            2000            1551          1.2863;
    64    0.907            2000            1551          1.2955;
    65    0.921            2000            1551          1.3046;
    66    0.935            2000            1551          1.3138;
    67    0.949            2000            1552          1.3230;
    68    0.963            2000            1554          1.3321;
    69    0.978            2000            1555          1.3407;
    70    0.992            2000            1558          1.3498;
    71    1.006            2000            1560          1.3584;
    72    1.020            2000            1563          1.3669;
    73    1.034            2000            1567          1.3755;
    74    1.048            2000            1572          1.3834;
    75    1.063            2000            1579          1.3913;
    76    1.077            2000            1588          1.3980;
    77    1.091            2000            1599          1.4048;
    78    1.105            2000            1613          1.4109;
    79    1.119            2000            1628          1.4158;
    80    1.133            2000            1643          1.4206;
    81    1.148            2000            1658          1.4249;
    82    1.162            2000            1672          1.4292;
    83    1.176            2000            1688          1.4328;
    84    1.190            2000            1703          1.4365;
    85    1.204            2000            1717          1.4396;
    86    1.218            2000            1727          1.4432;
    87    1.233            2000            1733          1.4469;
    88    1.247            2000            1735          1.4518;
    89    1.261            2000            1735          1.4573;
    90    1.275            2000            1735          1.4628;
    91    1.289            2000            1735          1.4683;
    92    1.303            2000            1735          1.4737;
    93    1.318            2000            1735          1.4792;
    94    1.332            2000            1735          1.4847;
    95    1.346            2000            1735          1.4902;
    96    1.360            2000            1735          1.4957;
    97    1.374            2000            1735          1.5012;
    98    1.388            2000            1735          1.5067;
    99    1.403            2000            1735          1.5116;
   100    1.417            2000            1736          1.5171;
   101    1.431            2000            1737          1.5226;
   102    1.445            2000            1738          1.5275;
   103    1.459            2000            1739          1.5330;
   104    1.473            2000            1742          1.5379;
   105    1.488            2000            1745          1.5427;
   106    1.502            2000            1748          1.5476;
   107    1.516            2000            1753          1.5519;
   108    1.530            2000            1759          1.5562;
   109    1.544            2000            1766          1.5598;
   110    1.558            2000            1775          1.5629;
   111    1.573            2000            1784          1.5659;
   112    1.587            2000            1793          1.5684;
   113    1.601            2000            1801          1.5708;
   114    1.615            2000            1809          1.5733;
   115    1.629            2000            1816          1.5763;
   116    1.643            2000            1823          1.5788;
   117    1.658            2000            1830          1.5806;
   118    1.672            2000            1838          1.5830;
   119    1.686            2000            1844          1.5849;
   120    1.700            2000            1850          1.5867;
   121    1.714            2000            1855          1.5885;
   122    1.728            2000            1858          1.5910;
   123    1.743            2000            1861          1.5934;
   124    1.757            2000            1862          1.5958;
   125    1.771            2000            1864          1.5983;
   126    1.785            2000            1864          1.6007;
   127    1.799            2000            1865          1.6038;
   128    1.813            2000            1866          1.6062;
   129    1.828            2000            1866          1.6087;
   130    1.842            2000            1867          1.6117;
   131    1.856            2000            1868          1.6142;
   132    1.870            2000            1869          1.6166;
   133    1.884            2000            1870          1.6190;
   134    1.898            2000            1871          1.6215;
   135    1.913            2000            1871          1.6239;
   136    1.927            2000            1872          1.6264;
   137    1.941            2000            1873          1.6294;
   138    1.955            2000            1874          1.6319;
   139    1.969            2000            1874          1.6343;
   140    1.983            2000            1875          1.6368;
   141    1.998            2000            1876          1.6392;
   142    2.012            2000            1877          1.6416;
   143    2.026            2000            1878          1.6435;
   144    2.040            2000            1878          1.6459;
   145    2.054            2000            1879          1.6484;
   146    2.068            2000            1880          1.6508;
   147    2.083            2000            1881          1.6532;
   148    2.097            2000            1882          1.6551;
   149    2.111            2000            1883          1.6575;
   150    2.125            2000            1885          1.6600;
   151    2.139            2000            1888          1.6618;
   152    2.153            2000            1891          1.6636;
   153    2.168            2000            1897          1.6648;
   154    2.182            2000            1904          1.6654;
   155    2.196            2000            1912          1.6661;
   156    2.210            2000            1921          1.6661;
   157    2.224            2000            1928          1.6661;
   158    2.238            2000            1932          1.6667;
   159    2.253            2000            1934          1.6673;
   160    2.267            2000            1934          1.6685;
   161    2.281            2000            1934          1.6697;
   162    2.295            2000            1934          1.6716;
   163    2.309            2000            1934          1.6728;
   164    2.323            2000            1934          1.6740;
   165    2.338            2000            1934          1.6752;
   166    2.352            2000            1934          1.6770;
   167    2.366            2000            1934          1.6783;
   168    2.380            2000            1934          1.6795;
   169    2.394            2000            1934          1.6807;
   170    2.408            2000            1934          1.6825;
   171    2.423            2000            1934          1.6838;
   172    2.437            2000            1934          1.6850;
   173    2.451            2000            1934          1.6862;
   174    2.465            2000            1934          1.6874;
   175    2.479            2000            1934          1.6893;
   176    2.493            2000            1934          1.6905;
   177    2.508            2000            1934          1.6917;
   178    2.522            2000            1934          1.6929;
   179    2.536            2000            1935          1.6941;
   180    2.550            2000            1935          1.6954;
   181    2.564            2000            1935          1.6972;
   182    2.578            2000            1935          1.6984;
   183    2.593            2000            1936          1.6996;
   184    2.607            2000            1936          1.7009;
   185    2.621            2000            1936          1.7021;
   186    2.635            2000            1937          1.7033;
   187    2.649            2000            1938          1.7045;
   188    2.663            2000            1938          1.7057;
   189    2.678            2000            1939          1.7070;
   190    2.692            2000            1940          1.7076;
   191    2.706            2000            1941          1.7088;
   192    2.720            2000            1943          1.7100;
   193    2.734            2000            1946          1.7106;
   194    2.748            2000            1951          1.7112;
   195    2.763            2000            1958          1.7106;
   196    2.777            2000            1967          1.7100;
   197    2.791            2000            1976          1.7088;
   198    2.805            2000            1986          1.7076;
   199    2.819            2000            1995          1.7057;
   200    2.833            2000            2003          1.7045;
   201    2.848            2000            2008          1.7033;
   202    2.862            2000            2010          1.7021;
   203    2.876            2000            2011          1.7015;
   204    2.890            2000            2011          1.7015;
   205    2.904            2000            2011          1.7015;
   206    2.918            2000            2011          1.7009;
   207    2.933            2000            2011          1.7009;
   208    2.947            2000            2011          1.7002;
   209    2.961            2000            2011          1.7002;
   210    2.975            2000            2011          1.7002;
   211    2.989            2000            2011          1.6996;
   212    3.003            2000            2011          1.6996;
   213    3.018            2000            2011          1.6996;
   214    3.032            2000            2011          1.6990;
   215    3.046            2000            2011          1.6990;
   216    3.060            2000            2011          1.6984;
   217    3.074            2000            2011          1.6984;
   218    3.088            2000            2011          1.6984;
   219    3.103            2000            2011          1.6978;
   220    3.117            2000            2011          1.6978;
   221    3.131            2000            2011          1.6978;
   222    3.145            2000            2011          1.6972;
   223    3.159            2000            2011          1.6972;
   224    3.173            2000            2011          1.6966;
   225    3.188            2000            2011          1.6966;
   226    3.202            2000            2011          1.6966;
   227    3.216            2000            2011          1.6960;
   228    3.230            2000            2011          1.6960;
   229    3.244            2000            2011          1.6960;
   230    3.258            2000            2011          1.6954;
   231    3.273            2000            2011          1.6954;
   232    3.287            2000            2011          1.6947;
   233    3.301            2000            2011          1.6947;
   234    3.315            2000            2011          1.6947;
   235    3.329            2000            2011          1.6941;
   236    3.343            2000            2011          1.6941;
   237    3.358            2000            2011          1.6941;
   238    3.372            2000            2011          1.6935;
   239    3.386            2000            2011          1.6935;
   240    3.400            2000            2011          1.6929;
   241    3.414            2000            2011          1.6929;
   242    3.428            2000            2011          1.6929;
   243    3.443            2000            2011          1.6923;
   244    3.457            2000            2011          1.6923;
   245    3.471            2000            2011          1.6923;
   246    3.485            2000            2011          1.6917;
   247    3.499            2000            2011          1.6917;
   248    3.513            2000            2011          1.6911;
   249    3.528            2000            2011          1.6911;
   250    3.542            2000            2011          1.6911;
   251    3.556            2000            2011          1.6905;
   252    3.570            2000            2011          1.6905;
   253    3.584            2000            2011          1.6905;
   254    3.598            2000            2011          1.6899;
   255    3.613            2000            2011          1.6899;
   256    3.627            2000            2011          1.6893;
   257    3.641            2000            2011          1.6893;
   258    3.655            2000            2011          1.6893;
   259    3.669            2000            2011          1.6886;
   260    3.683            2000            2011          1.6886;
   261    3.698            2000            2011          1.6886;
   262    3.712            2000            2011          1.6880;
   263    3.726            2000            2011          1.6880;
   264    3.740            2000            2011          1.6874;
   265    3.754            2000            2011          1.6874;
   266    3.768            2000            2011          1.6874;
   267    3.783            2000            2011          1.6868;
   268    3.797            2000            2011          1.6868;
   269    3.811            2000            2011          1.6868;
   270    3.825            2000            2011          1.6862;
   271    3.839            2000            2011          1.6862;
   272    3.853            2000            2011          1.6856;
   273    3.868            2000            2011          1.6856;
   274    3.882            2000            2011          1.6856;
   275    3.896            2000            2011          1.6850;
   276    3.910            2000            2011          1.6850;
   277    3.924            2000            2011          1.6850;
   278    3.938            2000            2011          1.6844;
   279    3.953            2000            2011          1.6844;
   280    3.967            2000            2011          1.6838;
   281    3.981            2000            2011          1.6838;
   282    3.995            2000            2011          1.6838;
   283    4.009            2000            2011          1.6832;
   284    4.023            2000            2011          1.6832;
   285    4.038            2000            2011          1.6832;
   286    4.052            2000            2011          1.6825;
   287    4.066            2000            2011          1.6825;
   288    4.080            2000            2011          1.6819;
   289    4.094            2000            2011          1.6819;
   290    4.108            2000            2011          1.6819;
   291    4.123            2000            2011          1.6813;
   292    4.137            2000            2011          1.6813;
   293    4.151            2000            2011          1.6813;
   294    4.165            2000            2011          1.6807;
   295    4.179            2000            2011          1.6807;
   296    4.193            2000            2011          1.6801;
   297    4.208            2000            2011          1.6801;
   298    4.222            2000            2011          1.6801;
   299    4.236            2000            2011          1.6795;
   300    4.250            2000            2011          1.6795;
   301    4.264            2000            2011          1.6795;
   302    4.278            2000            2011          1.6789;
   303    4.293            2000            2011          1.6789;
   304    4.307            2000            2011          1.6783;
   305    4.321            2000            2011          1.6783;
   306    4.335            2000            2011          1.6783;
   307    4.349            2000            2011          1.6777;
   308    4.363            2000            2011          1.6777;
   309    4.378            2000            2011          1.6777;
   310    4.392            2000            2011          1.6770;
   311    4.406            2000            2011          1.6770;
   312    4.420            2000            2011          1.6764;
   313    4.434            2000            2011          1.6764;
   314    4.448            2000            2011          1.6764;
   315    4.463            2000            2011          1.6758;
   316    4.477            2000            2011          1.6758;
   317    4.491            2000            2011          1.6758;
   318    4.505            2000            2011          1.6752;
   319    4.519            2000            2011          1.6752;
   320    4.533            2000            2011          1.6746;
   321    4.548            2000            2011          1.6746;
   322    4.562            2000            2011          1.6746;
   323    4.576            2000            2011          1.6740;
   324    4.590            2000            2011          1.6740;
   325    4.604            2000            2011          1.6740;
   326    4.618            2000            2011          1.6734;
   327    4.633            2000            2011          1.6734;
   328    4.647            2000            2011          1.6728;
   329    4.661            2000            2011          1.6728;
   330    4.675            2000            2011          1.6728;
   331    4.689            2000            2011          1.6722;
   332    4.703            2000            2011          1.6722;
   333    4.718            2000            2011          1.6722;
   334    4.732            2000            2011          1.6716;
   335    4.746            2000            2011          1.6716;
   336    4.760            2000            2011          1.6709;
   337    4.774            2000            2011          1.6709;
   338    4.788            2000            2011          1.6709;
   339    4.803            2000            2011          1.6703;
   340    4.817            2000            2011          1.6703;
   341    4.831            2000            2011          1.6703;
   342    4.845            2000            2011          1.6697;
   343    4.859            2000            2011          1.6697;
   344    4.873            2000            2011          1.6691;
   345    4.888            2000            2011          1.6691;
   346    4.902            2000            2011          1.6691;
   347    4.916            2000            2011          1.6685;
   348    4.930            2000            2011          1.6685;
   349    4.944            2000            2011          1.6685;
   350    4.958            2000            2011          1.6679;
   351    4.973            2000            2011          1.6679;
   352    4.987            2000            2011          1.6673;
   353    5.001            2000            2011          1.6673;
   354    5.015            2000            2011          1.6673;
   355    5.029            2000            2011          1.6667;
   356    5.043            2000            2011          1.6667;
   357    5.058            2000            2011          1.6667;
   358    5.072            2000            2011          1.6661;
   359    5.086            2000            2011          1.6661;
   360    5.100            2000            2011          1.6654;
   361    5.114            2000            2011          1.6654;
   362    5.128            2000            2011          1.6654;
   363    5.143            2000            2011          1.6648;
   364    5.157            2000            2011          1.6648;
   365    5.171            2000            2011          1.6648;
   366    5.185            2000            2011          1.6642;
   367    5.199            2000            2011          1.6642;
   368    5.213            2000            2011          1.6636;
   369    5.228            2000            2011          1.6636;
   370    5.242            2000            2011          1.6636;
   371    5.256            2000            2011          1.6630;
   372    5.270            2000            2011          1.6630;
   373    5.284            2000            2011          1.6630;
   374    5.298            2000            2011          1.6624;
   375    5.313            2000            2011          1.6624;
   376    5.327            2000            2011          1.6618;
   377    5.341            2000            2011          1.6618;
   378    5.355            2000            2011          1.6618;
   379    5.369            2000            2011          1.6612;
   380    5.383            2000            2011          1.6612;
   381    5.398            2000            2011          1.6612;
   382    5.412            2000            2011          1.6606;
   383    5.426            2000            2011          1.6606;
   384    5.440            2000            2011          1.6600;
   385    5.454            2000            2011          1.6600;
   386    5.468            2000            2011          1.6600;
   387    5.483            2000            2011          1.6593;
   388    5.497            2000            2011          1.6593;
   389    5.511            2000            2011          1.6593;
   390    5.525            2000            2011          1.6587;
   391    5.539            2000            2011          1.6587;
   392    5.553            2000            2011          1.6581;
   393    5.568            2000            2011          1.6581;
   394    5.582            2000            2011          1.6581;
   395    5.596            2000            2011          1.6575;
   396    5.610            2000            2011          1.6575;
   397    5.624            2000            2011          1.6575;
   398    5.638            2000            2011          1.6569;
   399    5.653            2000            2011          1.6569;
   400    5.667            2000            2011          1.6563;
   401    5.681            2000            2011          1.6563;
   402    5.695            2000            2011          1.6563;
   403    5.709            2000            2011          1.6557;
   404    5.723            2000            2011          1.6557;
   405    5.738            2000            2011          1.6557;
   406    5.752            2000            2011          1.6551;
   407    5.766            2000            2011          1.6551;
   408    5.780            2000            2011          1.6545;
   409    5.794            2000            2011          1.6545;
   410    5.808            2000            2011          1.6545;
   411    5.823            2000            2011          1.6538;
   412    5.837            2000            2011          1.6538;
   413    5.851            2000            2011          1.6538;
   414    5.865            2000            2010          1.6532;
   415    5.879            2000            2011          1.6532;
   416    5.893            2000            2010          1.6532;
   417    5.908            2000            2010          1.6532;
   418    5.922            2000            2010          1.6526;
   419    5.936            2000            2010          1.6526;
   420    5.950            2000            2010          1.6526;
   421    5.964            2000            2010          1.6520;
   422    5.978            2000            2010          1.6520;
   423    5.993            2000            2010          1.6520;
   424    6.007            2000            2010          1.6514;
   425    6.021            2000            2010          1.6514;
   426    6.035            2000            2010          1.6514;
   427    6.049            2000            2010          1.6508;
   428    6.063            2000            2010          1.6508;
   429    6.078            2000            2010          1.6508;
   430    6.092            2000            2010          1.6502;
   431    6.106            2000            2010          1.6502;
   432    6.120            2000            2010          1.6502;
   433    6.134            2000            2010          1.6496;
   434    6.148            2000            2010          1.6496;
   435    6.163            2000            2010          1.6496;
   436    6.177            2000            2010          1.6490;
   437    6.191            2000            2010          1.6490;
   438    6.205            2000            2010          1.6490;
   439    6.219            2000            2010          1.6484;
   440    6.233            2000            2010          1.6484;
   441    6.248            2000            2010          1.6484;
   442    6.262            2000            2010          1.6477;
   443    6.276            2000            2010          1.6477;
   444    6.290            2000            2010          1.6477;
   445    6.304            2000            2010          1.6477;
   446    6.318            2000            2010          1.6471;
   447    6.333            2000            2010          1.6471;
   448    6.347            2000            2010          1.6471;
   449    6.361            2000            2010          1.6465;
   450    6.375            2000            2010          1.6465;
   451    6.389            2000            2010          1.6465;
   452    6.403            2000            2010          1.6459;
   453    6.418            2000            2010          1.6459;
   454    6.432            2000            2010          1.6459;
   455    6.446            2000            2010          1.6453;
   456    6.460            2000            2010          1.6453;
   457    6.474            2000            2010          1.6453;
   458    6.488            2000            2010          1.6447;
   459    6.503            2000            2010          1.6447;
   460    6.517            2000            2010          1.6447;
   461    6.531            2000            2010          1.6441;
   462    6.545            2000            2010          1.6441;
   463    6.559            2000            2010          1.6441;
   464    6.573            2000            2010          1.6435;
   465    6.588            2000            2010          1.6435;
   466    6.602            2000            2010          1.6435;
   467    6.616            2000            2010          1.6429;
   468    6.630            2000            2010          1.6429;
   469    6.644            2000            2010          1.6429;
   470    6.658            2000            2010          1.6422;
   471    6.673            2000            2010          1.6422;
   472    6.687            2000            2010          1.6422;
   473    6.701            2000            2010          1.6416;
   474    6.715            2000            2010          1.6416;
   475    6.729            2000            2010          1.6416;
   476    6.743            2000            2010          1.6410;
   477    6.758            2000            2010          1.6410;
   478    6.772            2000            2010          1.6410;
   479    6.786            2000            2010          1.6404;
   480    6.800            2000            2010          1.6404;
   481    6.814            2000            2010          1.6404;
   482    6.828            2000            2010          1.6404;
   483    6.843            2000            2010          1.6398;
   484    6.857            2000            2010          1.6398;
   485    6.871            2000            2010          1.6398;
   486    6.885            2000            2010          1.6392;
   487    6.899            2000            2010          1.6392;
   488    6.913            2000            2010          1.6392;
   489    6.928            2000            2010          1.6386;
   490    6.942            2000            2010          1.6386;
   491    6.956            2000            2010          1.6386;
   492    6.970            2000            2010          1.6380;
   493    6.984            2000            2010          1.6380;
   494    6.998            2000            2010          1.6380;
   495    7.013            2000            2010          1.6374;
   496    7.027            2000            2010          1.6374;
   497    7.041            2000            2010          1.6374;
   498    7.055            2000            2010          1.6368;
   499    7.069            2000            2010          1.6368;
   500    7.083            2000            2010          1.6368;
   501    7.098            2000            2010          1.6361;
   502    7.112            2000            2010          1.6361;
   503    7.126            2000            2010          1.6361;
   504    7.140            2000            2010          1.6355;
   505    7.154            2000            2010          1.6355;
   506    7.168            2000            2010          1.6355;
   507    7.183            2000            2010          1.6349;
   508    7.197            2000            2010          1.6349;
   509    7.211            2000            2010          1.6349;
   510    7.225            2000            2010          1.6343;
   511    7.239            2000            2010          1.6343;
   512    7.253            2000            2010          1.6343;
   513    7.268            2000            2010          1.6337;
   514    7.282            2000            2010          1.6337;
   515    7.296            2000            2010          1.6337;
   516    7.310            2000            2010          1.6331;
   517    7.324            2000            2010          1.6331;
   518    7.338            2000            2010          1.6331;
   519    7.353            2000            2010          1.6331;
   520    7.367            2000            2010          1.6325;
   521    7.381            2000            2010          1.6325;
   522    7.395            2000            2010          1.6325;
   523    7.409            2000            2010          1.6319;
   524    7.423            2000            2010          1.6319;
   525    7.438            2000            2010          1.6319;
   526    7.452            2000            2010          1.6313;
   527    7.466            2000            2010          1.6313;
   528    7.480            2000            2010          1.6313;
   529    7.494            2000            2010          1.6306;
   530    7.508            2000            2010          1.6306;
   531    7.523            2000            2010          1.6306;
   532    7.537            2000            2010          1.6300;
   533    7.551            2000            2010          1.6300;
   534    7.565            2000            2010          1.6300;
   535    7.579            2000            2010          1.6294;
   536    7.593            2000            2010          1.6294;
   537    7.608            2000            2010          1.6294;
   538    7.622            2000            2010          1.6288;
   539    7.636            2000            2010          1.6288;
   540    7.650            2000            2010          1.6288;
   541    7.664            2000            2010          1.6282;
   542    7.678            2000            2010          1.6282;
   543    7.693            2000            2010          1.6282;
   544    7.707            2000            2010          1.6276;
   545    7.721            2000            2010          1.6276;
   546    7.735            2000            2010          1.6276;
   547    7.749            2000            2010          1.6270;
   548    7.763            2000            2010          1.6270;
   549    7.778            2000            2010          1.6270;
   550    7.792            2000            2010          1.6264;
   551    7.806            2000            2010          1.6264;
   552    7.820            2000            2010          1.6264;
   553    7.834            2000            2010          1.6258;
   554    7.848            2000            2010          1.6258;
   555    7.863            2000            2010          1.6258;
   556    7.877            2000            2010          1.6258;
   557    7.891            2000            2010          1.6252;
   558    7.905            2000            2010          1.6252;
   559    7.919            2000            2010          1.6252;
   560    7.933            2000            2010          1.6245;
   561    7.948            2000            2010          1.6245;
   562    7.962            2000            2010          1.6245;
   563    7.976            2000            2010          1.6239;
   564    7.990            2000            2010          1.6239;
   565    8.004            2000            2010          1.6239;
   566    8.018            2000            2010          1.6233;
   567    8.033            2000            2010          1.6233;
   568    8.047            2000            2010          1.6233;
   569    8.061            2000            2010          1.6227;
   570    8.075            2000            2010          1.6227;
   571    8.089            2000            2010          1.6227;
   572    8.103            2000            2010          1.6221;
   573    8.118            2000            2010          1.6221;
   574    8.132            2000            2010          1.6221;
   575    8.146            2000            2010          1.6215;
   576    8.160            2000            2010          1.6215;
   577    8.174            2000            2010          1.6215;
   578    8.188            2000            2010          1.6209;
   579    8.203            2000            2010          1.6209;
   580    8.217            2000            2010          1.6209;
   581    8.231            2000            2010          1.6203;
   582    8.245            2000            2010          1.6203;
   583    8.259            2000            2010          1.6203;
   584    8.273            2000            2010          1.6197;
   585    8.288            2000            2010          1.6197;
   586    8.302            2000            2010          1.6197;
   587    8.316            2000            2010          1.6190;
   588    8.330            2000            2010          1.6190;
   589    8.344            2000            2010          1.6190;
   590    8.358            2000            2010          1.6184;
   591    8.373            2000            2010          1.6184;
   592    8.387            2000            2010          1.6184;
   593    8.401            2000            2010          1.6184;
   594    8.415            2000            2010          1.6178;
   595    8.429            2000            2010          1.6178;
   596    8.443            2000            2010          1.6178;
   597    8.458            2000            2010          1.6172;
   598    8.472            2000            2010          1.6172;
   599    8.486            2000            2010          1.6172;
   600    8.500            2000            2010          1.6166;
   601    8.514            2000            2010          1.6166;
   602    8.528            2000            2010          1.6166;
   603    8.543            2000            2010          1.6160;
   604    8.557            2000            2010          1.6160;
   605    8.571            2000            2010          1.6160;
   606    8.585            2000            2010          1.6154;
   607    8.599            2000            2010          1.6154;
   608    8.613            2000            2010          1.6154;
   609    8.628            2000            2010          1.6148;
   610    8.642            2000            2010          1.6148;
   611    8.656            2000            2010          1.6148;
   612    8.670            2000            2010          1.6142;
   613    8.684            2000            2010          1.6142;
   614    8.698            2000            2010          1.6142;
   615    8.713            2000            2010          1.6136;
   616    8.727            2000            2010          1.6136;
   617    8.741            2000            2010          1.6136;
   618    8.755            2000            2010          1.6129;
   619    8.769            2000            2010          1.6129;
   620    8.783            2000            2010          1.6129;
   621    8.798            2000            2010          1.6123;
   622    8.812            2000            2010          1.6123;
   623    8.826            2000            2010          1.6123;
   624    8.840            2000            2010          1.6117;
   625    8.854            2000            2010          1.6117;
   626    8.868            2000            2010          1.6117;
   627    8.883            2000            2010          1.6117;
   628    8.897            2000            2010          1.6111;
   629    8.911            2000            2010          1.6111;
   630    8.925            2000            2010          1.6111;
   631    8.939            2000            2010          1.6105;
   632    8.953            2000            2010          1.6105;
   633    8.968            2000            2010          1.6105;
   634    8.982            2000            2010          1.6099;
   635    8.996            2000            2010          1.6099;
   636    9.010            2000            2010          1.6099;
   637    9.024            2000            2010          1.6093;
   638    9.038            2000            2010          1.6093;
   639    9.053            2000            2010          1.6093;
   640    9.067            2000            2010          1.6087;
   641    9.081            2000            2010          1.6087;
   642    9.095            2000            2010          1.6087;
   643    9.109            2000            2010          1.6081;
   644    9.123            2000            2010          1.6081;
   645    9.138            2000            2010          1.6081;
   646    9.152            2000            2010          1.6074;
   647    9.166            2000            2010          1.6074;
   648    9.180            2000            2010          1.6074;
   649    9.194            2000            2010          1.6068;
   650    9.208            2000            2010          1.6068;
   651    9.223            2000            2010          1.6068;
   652    9.237            2000            2010          1.6062;
   653    9.251            2000            2010          1.6062;
   654    9.265            2000            2010          1.6062;
   655    9.279            2000            2010          1.6056;
   656    9.293            2000            2010          1.6056;
   657    9.308            2000            2010          1.6056;
   658    9.322            2000            2010          1.6050;
   659    9.336            2000            2010          1.6050;
   660    9.350            2000            2010          1.6050;
   661    9.364            2000            2010          1.6044;
   662    9.378            2000            2010          1.6044;
   663    9.393            2000            2010          1.6044;
   664    9.407            2000            2010          1.6044;
   665    9.421            2000            2010          1.6038;
   666    9.435            2000            2010          1.6038;
   667    9.449            2000            2010          1.6038;
   668    9.463            2000            2010          1.6032;
   669    9.478            2000            2010          1.6032;
   670    9.492            2000            2010          1.6032;
   671    9.506            2000            2010          1.6026;
   672    9.520            2000            2010          1.6026;
   673    9.534            2000            2010          1.6026;
   674    9.548            2000            2010          1.6020;
   675    9.563            2000            2010          1.6020;
   676    9.577            2000            2010          1.6020;
   677    9.591            2000            2010          1.6013;
   678    9.605            2000            2010          1.6013;
   679    9.619            2000            2010          1.6013;
   680    9.633            2000            2010          1.6007;
   681    9.648            2000            2010          1.6007;
   682    9.662            2000            2010          1.6007;
   683    9.676            2000            2010          1.6001;
   684    9.690            2000            2010          1.6001;
   685    9.704            2000            2010          1.6001;
   686    9.718            2000            2010          1.5995;
   687    9.733            2000            2010          1.5995;
   688    9.747            2000            2010          1.5995;
   689    9.761            2000            2010          1.5989;
   690    9.775            2000            2010          1.5989;
   691    9.789            2000            2010          1.5989;
   692    9.803            2000            2010          1.5983;
   693    9.818            2000            2010          1.5983;
   694    9.832            2000            2010          1.5983;
   695    9.846            2000            2010          1.5977;
   696    9.860            2000            2010          1.5977;
   697    9.874            2000            2010          1.5977;
   698    9.888            2000            2010          1.5971;
   699    9.903            2000            2010          1.5971;
   700    9.917            2000            2010          1.5971;
   701    9.931            2000            2010          1.5971;
   702    9.945            2000            2010          1.5965;
   703    9.959            2000            2010          1.5965;
   704    9.973            2000            2010          1.5965;
   705    9.988            2000            2010          1.5958;
   706   10.002               0            2010          1.5958;
   707   10.016               0            2009          1.1832;
   708   10.030               0            1995          1.1435;
   709   10.044               0            1974          1.1056;
   710   10.058               0            1946          1.0696;
   711   10.073               0            1912          1.0354;
   712   10.087               0            1872          1.0031;
   713   10.101               0            1827          0.9725;
   714   10.115               0            1776          0.9444;
   715   10.129               0            1719          0.9182;
   716   10.143               0            1658          0.8944;
   717   10.158               0            1593          0.8724;
   718   10.172               0            1527          0.8523;
   719   10.186               0            1462          0.8333;
   720   10.200               0            1398          0.8156;
   721   10.214               0            1336          0.7991;
   722   10.228               0            1276          0.7839;
   723   10.243               0            1220          0.7686;
   724   10.257               0            1172          0.7540;
   725   10.271               0            1132          0.7387;
   726   10.285               0            1101          0.7222;
   727   10.299               0            1078          0.7051;
   728   10.313               0            1064          0.6862;
   729   10.328               0            1059          0.6661;
   730   10.342               0            1058          0.6447;
   731   10.356               0            1060          0.6227;
   732   10.370               0            1060          0.6007;
   733   10.384               0            1059          0.5794;
   734   10.398               0            1059          0.5574;
   735   10.413               0            1058          0.5360;
   736   10.427               0            1057          0.5140;
   737   10.441               0            1054          0.4927;
   738   10.455               0            1050          0.4713;
   739   10.469               0            1043          0.4512;
   740   10.483               0            1033          0.4310;
   741   10.498               0            1019          0.4121;
   742   10.512               0            1000          0.3944;
   743   10.526               0             976          0.3779;
   744   10.540               0             947          0.3626;
   745   10.554               0             915          0.3492;
   746   10.568               0             879          0.3370;
   747   10.583               0             843          0.3260;
   748   10.597               0             806          0.3156;
   749   10.611               0             769          0.3065;
   750   10.625               0             734          0.2973;
   751   10.639               0             700          0.2888;
   752   10.653               0             668          0.2808;
   753   10.668               0             639          0.2729;
   754   10.682               0             610          0.2656;
   755   10.696               0             583          0.2589;
   756   10.710               0             556          0.2515;
   757   10.724               0             532          0.2454;
   758   10.738               0             509          0.2387;
   759   10.753               0             490          0.2326;
   760   10.767               0             473          0.2259;
   761   10.781               0             461          0.2192;
   762   10.795               0             453          0.2118;
   763   10.809               0             449          0.2033;
   764   10.823               0             448          0.1947;
   765   10.838               0             448          0.1856;
   766   10.852               0             448          0.1764;
   767   10.866               0             448          0.1673;
   768   10.880               0             448          0.1575;
   769   10.894               0             448          0.1484;
   770   10.908               0             448          0.1392;
   771   10.923               0             448          0.1300;
   772   10.937               0             448          0.1209;
   773   10.951               0             448          0.1117;
   774   10.965               0             447          0.1026;
   775   10.979               0             445          0.0934;
   776   10.993               0             443          0.0849;
   777   11.008               0             440          0.0763;
   778   11.022               0             437          0.0678;
   779   11.036               0             432          0.0592;
   780   11.050               0             426          0.0519;
   781   11.064               0             418          0.0440;
   782   11.078               0             408          0.0372;
   783   11.093               0             396          0.0311;
   784   11.107               0             383          0.0250;
   785   11.121               0             370          0.0201;
   786   11.135               0             357          0.0147;
   787   11.149               0             343          0.0098;
   788   11.163               0             331          0.0055;
   789   11.178               0             320          0.0012;
   790   11.192               0             310         -0.0037;
   791   11.206               0             301         -0.0079;
   792   11.220               0             293         -0.0128;
   793   11.234               0             286         -0.0171;
   794   11.248               0             279         -0.0220;
   795   11.263               0             271         -0.0263;
   796   11.277               0             261         -0.0299;
   797   11.291               0             248         -0.0330;
   798   11.305               0             234         -0.0354;
   799   11.319               0             219         -0.0379;
   800   11.333               0             204         -0.0391;
   801   11.348               0             189         -0.0403;
   802   11.362               0             174         -0.0415;
   803   11.376               0             160         -0.0421;
   804   11.390               0             146         -0.0427;
   805   11.404               0             132         -0.0433;
   806   11.418               0             120         -0.0433;
   807   11.433               0             110         -0.0433;
   808   11.447               0             102         -0.0440;
   809   11.461               0              96         -0.0446;
   810   11.475               0              93         -0.0458;
   811   11.489               0              93         -0.0476;
   812   11.503               0              93         -0.0495;
   813   11.518               0              93         -0.0513;
   814   11.532               0              93         -0.0531;
   815   11.546               0              93         -0.0549;
   816   11.560               0              93         -0.0568;
   817   11.574               0              93         -0.0592;
   818   11.588               0              93         -0.0611;
   819   11.603               0              93         -0.0629;
   820   11.617               0              93         -0.0647;
   821   11.631               0              93         -0.0665;
   822   11.645               0              93         -0.0684;
   823   11.659               0              93         -0.0702;
   824   11.673               0              93         -0.0726;
   825   11.688               0              93         -0.0745;
   826   11.702               0              93         -0.0763;
   827   11.716               0              93         -0.0781;
   828   11.730               0              93         -0.0800;
   829   11.744               0              93         -0.0818;
   830   11.758               0              93         -0.0836;
   831   11.773               0              93         -0.0861;
   832   11.787               0              93         -0.0879;
   833   11.801               0              93         -0.0897;
   834   11.815               0              93         -0.0916;
   835   11.829               0              93         -0.0934;
   836   11.843               0              93         -0.0952;
   837   11.858               0              93         -0.0971;
   838   11.872               0              93         -0.0995;
   839   11.886               0              93         -0.1013;
   840   11.900               0              93         -0.1032;
   841   11.914               0              93         -0.1050;
   842   11.928               0              93         -0.1068;
   843   11.943               0              93         -0.1087;
   844   11.957               0              93         -0.1105;
   845   11.971               0              93         -0.1129;
   846   11.985               0              93         -0.1148;
   847   11.999               0              93         -0.1166;
   848   12.013               0              93         -0.1184;
   849   12.028               0              93         -0.1203;
   850   12.042               0              93         -0.1221;
   851   12.056               0              93         -0.1239;
   852   12.070               0              93         -0.1264;
   853   12.084               0              93         -0.1282;
   854   12.098               0              93         -0.1300;
   855   12.113               0              93         -0.1319;
   856   12.127               0              92         -0.1337;
   857   12.141               0              92         -0.1355;
   858   12.155               0              92         -0.1374;
   859   12.169               0              91         -0.1392;
   860   12.183               0              91         -0.1410;
   861   12.198               0              91         -0.1429;
   862   12.212               0              90         -0.1447;
   863   12.226               0              90         -0.1465;
   864   12.240               0              89         -0.1484;
   865   12.254               0              89         -0.1496;
   866   12.268               0              88         -0.1514;
   867   12.283               0              88         -0.1532;
   868   12.297               0              87         -0.1551;
   869   12.311               0              87         -0.1569;
   870   12.325               0              86         -0.1581;
   871   12.339               0              85         -0.1600;
   872   12.353               0              84         -0.1618;
   873   12.368               0              82         -0.1630;
   874   12.382               0              81         -0.1642;
   875   12.396               0              79         -0.1661;
   876   12.410               0              78         -0.1673;
   877   12.424               0              75         -0.1685;
   878   12.438               0              73         -0.1697;
   879   12.453               0              70         -0.1703;
   880   12.467               0              66         -0.1709;
   881   12.481               0              61         -0.1716;
   882   12.495               0              56         -0.1722;
   883   12.509               0              52         -0.1722;
   884   12.523               0              49         -0.1728;
   885   12.538               0              47         -0.1734;
   886   12.552               0              47         -0.1740;
   887   12.566               0              47         -0.1746;
   888   12.580               0              47         -0.1758;
   889   12.594               0              47         -0.1770;
   890   12.608               0              47         -0.1777;
   891   12.623               0              47         -0.1789;
   892   12.637               0              47         -0.1795;
   893   12.651               0              47         -0.1807;
   894   12.665               0              47         -0.1819;
   895   12.679               0              47         -0.1825;
   896   12.693               0              47         -0.1838;
   897   12.708               0              47         -0.1844;
   898   12.722               0              47         -0.1856;
   899   12.736               0              47         -0.1862;
   900   12.750               0              47         -0.1874;
   901   12.764               0              47         -0.1886;
   902   12.778               0              47         -0.1893;
   903   12.793               0              47         -0.1905;
   904   12.807               0              47         -0.1911;
   905   12.821               0              47         -0.1923;
   906   12.835               0              47         -0.1935;
   907   12.849               0              47         -0.1941;
   908   12.863               0              47         -0.1954;
   909   12.878               0              47         -0.1960;
   910   12.892               0              47         -0.1972;
   911   12.906               0              47         -0.1978;
   912   12.920               0              46         -0.1990;
   913   12.934               0              46         -0.1996;
   914   12.948               0              46         -0.2009;
   915   12.963               0              46         -0.2021;
   916   12.977               0              46         -0.2027;
   917   12.991               0              46         -0.2039;
   918   13.005               0              46         -0.2045;
   919   13.019               0              46         -0.2057;
   920   13.033               0              46         -0.2063;
   921   13.048               0              46         -0.2076;
   922   13.062               0              45         -0.2082;
   923   13.076               0              45         -0.2094;
   924   13.090               0              45         -0.2100;
   925   13.104               0              45         -0.2112;
   926   13.118               0              45         -0.2118;
   927   13.133               0              45         -0.2131;
   928   13.147               0              45         -0.2137;
   929   13.161               0              45         -0.2149;
   930   13.175               0              45         -0.2155;
   931   13.189               0              44         -0.2161;
   932   13.203               0              44         -0.2173;
   933   13.218               0              44         -0.2179;
   934   13.232               0              44         -0.2192;
   935   13.246               0              43         -0.2198;
   936   13.260               0              43         -0.2210;
   937   13.274               0              43         -0.2216;
   938   13.288               0              43         -0.2222;
   939   13.303               0              43         -0.2234;
   940   13.317               0              43         -0.2241;
   941   13.331               0              42         -0.2247;
   942   13.345               0              42         -0.2259;
   943   13.359               0              42         -0.2265;
   944   13.373               0              42         -0.2277;
   945   13.388               0              42         -0.2283;
   946   13.402               0              41         -0.2289;
   947   13.416               0              41         -0.2302;
   948   13.430               0              41         -0.2308;
   949   13.444               0              41         -0.2314;
   950   13.458               0              40         -0.2326;
   951   13.473               0              40         -0.2332;
   952   13.487               0              40         -0.2338;
   953   13.501               0              40         -0.2344;
   954   13.515               0              39         -0.2357;
   955   13.529               0              39         -0.2363;
   956   13.543               0              39         -0.2369;
   957   13.558               0              39         -0.2375;
   958   13.572               0              38         -0.2387;
   959   13.586               0              38         -0.2393;
   960   13.600               0              38         -0.2399;
   961   13.614               0              37         -0.2405;
   962   13.628               0              37         -0.2411;
   963   13.643               0              37         -0.2418;
   964   13.657               0              37         -0.2430;
   965   13.671               0              36         -0.2436;
   966   13.685               0              36         -0.2442;
   967   13.699               0              36         -0.2448;
   968   13.713               0              35         -0.2454;
   969   13.728               0              35         -0.2460;
   970   13.742               0              35         -0.2466;
   971   13.756               0              34         -0.2473;
   972   13.770               0              34         -0.2479;
   973   13.784               0              33         -0.2485;
   974   13.798               0              33         -0.2491;
   975   13.813               0              32         -0.2497;
   976   13.827               0              32         -0.2503;
   977   13.841               0              31         -0.2509;
   978   13.855               0              30         -0.2515;
   979   13.869               0              29         -0.2521;
   980   13.883               0              27         -0.2521;
   981   13.898               0              26         -0.2527;
   982   13.912               0              24         -0.2527;
   983   13.926               0              22         -0.2527;
   984   13.940               0              20         -0.2527;
   985   13.954               0              19         -0.2527;
   986   13.968               0              17         -0.2527;
   987   13.983               0              16         -0.2534;
   988   13.997               0              16         -0.2534;
   989   14.011               0              15         -0.2534;
   990   14.025               0              15         -0.2540;
   991   14.039               0              15         -0.2540;
   992   14.053               0              15         -0.2546;
   993   14.068               0              15         -0.2546;
   994   14.082               0              15         -0.2552;
   995   14.096               0              15         -0.2552;
   996   14.110               0              15         -0.2558;
   997   14.124               0              15         -0.2558;
   998   14.138               0              15         -0.2564;
   999   14.153               0              15         -0.2564;
  1000   14.167               0              15         -0.2570;
  1001   14.181               0              15         -0.2570;
  1002   14.195               0              14         -0.2576;
  1003   14.209               0              14         -0.2576;
  1004   14.223               0              14         -0.2576;
  1005   14.238               0              14         -0.2582;
  1006   14.252               0              14         -0.2582;
  1007   14.266               0              14         -0.2589;
  1008   14.280               0              14         -0.2589;
  1009   14.294               0              14         -0.2595;
  1010   14.308               0              14         -0.2595;
  1011   14.323               0              14         -0.2601;
  1012   14.337               0              14         -0.2601;
  1013   14.351               0              14         -0.2607;
  1014   14.365               0              14         -0.2607;
  1015   14.379               0              14         -0.2613;
  1016   14.393               0              14         -0.2613;
  1017   14.408               0              14         -0.2619;
  1018   14.422               0              14         -0.2619;
  1019   14.436               0              14         -0.2619;
  1020   14.450               0              14         -0.2625;
  1021   14.464               0              14         -0.2625;
  1022   14.478               0              14         -0.2631;
  1023   14.493               0              14         -0.2631;
  1024   14.507               0              13         -0.2637;
  1025   14.521               0              13         -0.2637;
  1026   14.535               0              13         -0.2643;
  1027   14.549               0              13         -0.2643;
  1028   14.563               0              13         -0.2643;
  1029   14.578               0              13         -0.2650;
  1030   14.592               0              13         -0.2650;
  1031   14.606               0              13         -0.2656;
  1032   14.620               0              13         -0.2656;
  1033   14.634               0              13         -0.2662;
  1034   14.648               0              13         -0.2662;
  1035   14.663               0              13         -0.2662;
  1036   14.677               0              13         -0.2668;
  1037   14.691               0              13         -0.2668;
  1038   14.705               0              13         -0.2674;
  1039   14.719               0              13         -0.2674;
  1040   14.733               0              13         -0.2680;
  1041   14.748               0              13         -0.2680;
  1042   14.762               0              13         -0.2686;
  1043   14.776               0              13         -0.2686;
  1044   14.790               0              13         -0.2686;
  1045   14.804               0              13         -0.2692;
  1046   14.818               0              13         -0.2692;
  1047   14.833               0              13         -0.2698;
  1048   14.847               0              13         -0.2698;
  1049   14.861               0              13         -0.2705;
  1050   14.875               0              13         -0.2705;
  1051   14.889               0              13         -0.2705;
  1052   14.903               0              13         -0.2711;
  1053   14.918               0              13         -0.2711;
  1054   14.932               0              13         -0.2717;
  1055   14.946               0              13         -0.2717;
  1056   14.960               0              13         -0.2717;
  1057   14.974               0              13         -0.2723;
  1058   14.988               0              12         -0.2723;
  1059   15.003               0              12         -0.2729;
  1060   15.017               0              12         -0.2729;
  1061   15.031               0              12         -0.2735;
  1062   15.045               0              12         -0.2735;
  1063   15.059               0              12         -0.2735;
  1064   15.073               0              12         -0.2741;
  1065   15.088               0              12         -0.2741;
  1066   15.102               0              12         -0.2747;
  1067   15.116               0              12         -0.2747;
  1068   15.130               0              12         -0.2747;
  1069   15.144               0              12         -0.2753;
  1070   15.158               0              12         -0.2753;
  1071   15.173               0              12         -0.2753;
  1072   15.187               0              12         -0.2759;
  1073   15.201               0              12         -0.2759;
  1074   15.215               0              12         -0.2766;
  1075   15.229               0              12         -0.2766;
  1076   15.243               0              12         -0.2766;
  1077   15.258               0              12         -0.2772;
  1078   15.272               0              12         -0.2772;
  1079   15.286               0              12         -0.2778;
  1080   15.300               0              12         -0.2778;
  1081   15.314               0              11         -0.2778;
  1082   15.328               0              11         -0.2784;
  1083   15.343               0              11         -0.2784;
  1084   15.357               0              11         -0.2784;
  1085   15.371               0              11         -0.2790;
  1086   15.385               0              11         -0.2790;
  1087   15.399               0              11         -0.2796;
  1088   15.413               0              11         -0.2796;
  1089   15.428               0              11         -0.2796;
  1090   15.442               0              11         -0.2802;
  1091   15.456               0              11         -0.2802;
  1092   15.470               0              11         -0.2802;
  1093   15.484               0              11         -0.2808;
  1094   15.498               0              11         -0.2808;
  1095   15.513               0              11         -0.2808;
  1096   15.527               0              11         -0.2814;
  1097   15.541               0              11         -0.2814;
  1098   15.555               0              11         -0.2821;
  1099   15.569               0              11         -0.2821;
  1100   15.583               0              11         -0.2821;
  1101   15.598               0              11         -0.2827;
  1102   15.612               0              11         -0.2827;
  1103   15.626               0              11         -0.2827;
  1104   15.640               0              11         -0.2833;
  1105   15.654               0              11         -0.2833;
  1106   15.668               0              11         -0.2833;
  1107   15.683               0              11         -0.2839;
  1108   15.697               0              11         -0.2839;
  1109   15.711               0              11         -0.2839;
  1110   15.725               0              11         -0.2845;
  1111   15.739               0              11         -0.2845;
  1112   15.753               0              11         -0.2851;
  1113   15.768               0              10         -0.2851;
  1114   15.782               0              10         -0.2851;
  1115   15.796               0              10         -0.2857;
  1116   15.810               0              10         -0.2857;
  1117   15.824               0              10         -0.2857;
  1118   15.838               0              10         -0.2863;
  1119   15.853               0              10         -0.2863;
  1120   15.867               0              10         -0.2863;
  1121   15.881               0              10         -0.2869;
  1122   15.895               0              10         -0.2869;
  1123   15.909               0              10         -0.2869;
  1124   15.923               0              10         -0.2875;
  1125   15.938               0              10         -0.2875;
  1126   15.952               0              10         -0.2875;
  1127   15.966               0              10         -0.2882;
  1128   15.980               0              10         -0.2882;
  1129   15.994               0              10         -0.2882;
  1130   16.008               0              10         -0.2888;
  1131   16.023               0              10         -0.2888;
  1132   16.037               0              10         -0.2888;
  1133   16.051               0              10         -0.2894;
  1134   16.065               0              10         -0.2894;
  1135   16.079               0              10         -0.2894;
  1136   16.093               0              10         -0.2894;
  1137   16.108               0              10         -0.2900;
  1138   16.122               0              10         -0.2900;
  1139   16.136               0              10         -0.2900;
  1140   16.150               0              10         -0.2906;
  1141   16.164               0              10         -0.2906;
  1142   16.178               0               9         -0.2906;
  1143   16.193               0               9         -0.2912;
  1144   16.207               0               9         -0.2912;
  1145   16.221               0               9         -0.2912;
  1146   16.235               0               9         -0.2918;
  1147   16.249               0               9         -0.2918;
  1148   16.263               0               9         -0.2918;
  1149   16.278               0               9         -0.2924;
  1150   16.292               0               9         -0.2924;
  1151   16.306               0               9         -0.2924;
  1152   16.320               0               9         -0.2924;
  1153   16.334               0               9         -0.2930;
  1154   16.348               0               9         -0.2930;
  1155   16.363               0               9         -0.2930;
  1156   16.377               0               9         -0.2937;
  1157   16.391               0               9         -0.2937;
  1158   16.405               0               9         -0.2937;
  1159   16.419               0               9         -0.2937;
  1160   16.433               0               9         -0.2943;
  1161   16.448               0               9         -0.2943;
  1162   16.462               0               9         -0.2943;
  1163   16.476               0               9         -0.2949;
  1164   16.490               0               9         -0.2949;
  1165   16.504               0               9         -0.2949;
  1166   16.518               0               9         -0.2955;
  1167   16.533               0               9         -0.2955;
  1168   16.547               0               9         -0.2955;
  1169   16.561               0               9         -0.2955;
  1170   16.575               0               9         -0.2961;
  1171   16.589               0               9         -0.2961;
  1172   16.603               0               9         -0.2961;
  1173   16.618               0               8         -0.2961;
  1174   16.632               0               8         -0.2967;
  1175   16.646               0               8         -0.2967;
  1176   16.660               0               8         -0.2967;
  1177   16.674               0               8         -0.2973;
  1178   16.688               0               8         -0.2973;
  1179   16.703               0               8         -0.2973;
  1180   16.717               0               8         -0.2973;
  1181   16.731               0               8         -0.2979;
  1182   16.745               0               8         -0.2979;
  1183   16.759               0               8         -0.2979;
  1184   16.773               0               8         -0.2979;
  1185   16.788               0               8         -0.2985;
  1186   16.802               0               8         -0.2985;
  1187   16.816               0               8         -0.2985;
  1188   16.830               0               8         -0.2985;
  1189   16.844               0               8         -0.2991;
  1190   16.858               0               8         -0.2991;
  1191   16.873               0               8         -0.2991;
  1192   16.887               0               8         -0.2991;
  1193   16.901               0               8         -0.2998;
  1194   16.915               0               8         -0.2998;
  1195   16.929               0               7         -0.2998;
  1196   16.943               0               7         -0.2998;
  1197   16.958               0               7         -0.3004;
  1198   16.972               0               7         -0.3004;
  1199   16.986               0               7         -0.3004;
  1200   17.000               0               7         -0.3004;
  1201   17.014               0               7         -0.3010;
  1202   17.028               0               7         -0.3010;
  1203   17.043               0               7         -0.3010;
  1204   17.057               0               7         -0.3010;
  1205   17.071               0               7         -0.3010;
  1206   17.085               0               7         -0.3016;
  1207   17.099               0               7         -0.3016;
  1208   17.113               0               7         -0.3016;
  1209   17.128               0               7         -0.3016;
  1210   17.142               0               7         -0.3022;
  1211   17.156               0               7         -0.3022;
  1212   17.170               0               7         -0.3022;
  1213   17.184               0               7         -0.3022;
  1214   17.198               0               7         -0.3028;
  1215   17.213               0               7         -0.3028;
  1216   17.227               0               7         -0.3028;
  1217   17.241               0               7         -0.3028;
  1218   17.255               0               7         -0.3028;
  1219   17.269               0               7         -0.3034;
  1220   17.283               0               7         -0.3034;
  1221   17.298               0               7         -0.3034;
  1222   17.312               0               7         -0.3034;
  1223   17.326               0               7         -0.3034;
  1224   17.340               0               6         -0.3040;
  1225   17.354               0               6         -0.3040;
  1226   17.368               0               6         -0.3040;
  1227   17.383               0               6         -0.3040;
  1228   17.397               0               6         -0.3040;
  1229   17.411               0               6         -0.3046;
  1230   17.425               0               6         -0.3046;
  1231   17.439               0               6         -0.3046;
  1232   17.453               0               6         -0.3046;
  1233   17.468               0               6         -0.3046;
  1234   17.482               0               6         -0.3053;
  1235   17.496               0               6         -0.3053;
  1236   17.510               0               6         -0.3053;
  1237   17.524               0               6         -0.3053;
  1238   17.538               0               6         -0.3053;
  1239   17.553               0               6         -0.3059;
  1240   17.567               0               6         -0.3059;
  1241   17.581               0               6         -0.3059;
  1242   17.595               0               6         -0.3059;
  1243   17.609               0               6         -0.3059;
  1244   17.623               0               6         -0.3059;
  1245   17.638               0               5         -0.3065;
  1246   17.652               0               5         -0.3065;
  1247   17.666               0               5         -0.3065;
  1248   17.680               0               5         -0.3065;
  1249   17.694               0               5         -0.3065;
  1250   17.708               0               5         -0.3065;
  1251   17.723               0               5         -0.3071;
  1252   17.737               0               5         -0.3071;
  1253   17.751               0               5         -0.3071;
  1254   17.765               0               5         -0.3071;
  1255   17.779               0               5         -0.3071;
  1256   17.793               0               5         -0.3071;
  1257   17.808               0               5         -0.3077;
  1258   17.822               0               5         -0.3077;
  1259   17.836               0               5         -0.3077;
  1260   17.850               0               5         -0.3077;
  1261   17.864               0               5         -0.3077;
  1262   17.878               0               5         -0.3077;
  1263   17.893               0               5         -0.3083;
  1264   17.907               0               5         -0.3083;
  1265   17.921               0               5         -0.3083;
  1266   17.935               0               5         -0.3083;
  1267   17.949               0               5         -0.3083;
  1268   17.963               0               4         -0.3083;
  1269   17.978               0               4         -0.3083;
  1270   17.992               0               4         -0.3089;
  1271   18.006               0               4         -0.3089;
  1272   18.020               0               4         -0.3089;
  1273   18.034               0               4         -0.3089;
  1274   18.048               0               4         -0.3089;
  1275   18.063               0               4         -0.3089;
  1276   18.077               0               4         -0.3089;
  1277   18.091               0               4         -0.3089;
  1278   18.105               0               4         -0.3089;
  1279   18.119               0               4         -0.3095;
  1280   18.133               0               4         -0.3095;
  1281   18.148               0               4         -0.3095;
  1282   18.162               0               4         -0.3095;
  1283   18.176               0               4         -0.3095;
  1284   18.190               0               3         -0.3095;
  1285   18.204               0               3         -0.3095;
  1286   18.218               0               3         -0.3095;
  1287   18.233               0               3         -0.3095;
  1288   18.247               0               3         -0.3095;
  1289   18.261               0               3         -0.3101;
  1290   18.275               0               3         -0.3101;
  1291   18.289               0               3         -0.3101;
  1292   18.303               0               3         -0.3101;
  1293   18.318               0               3         -0.3101;
  1294   18.332               0               3         -0.3101;
  1295   18.346               0               3         -0.3101;
  1296   18.360               0               3         -0.3101;
  1297   18.374               0               3         -0.3101;
  1298   18.388               0               3         -0.3101;
  1299   18.403               0               3         -0.3101;
  1300   18.417               0               3         -0.3107;
  1301   18.431               0               3         -0.3107;
  1302   18.445               0               3         -0.3107;
  1303   18.459               0               3         -0.3107;
  1304   18.473               0               2         -0.3107;
  1305   18.488               0               2         -0.3107;
  1306   18.502               0               2         -0.3107;
  1307   18.516               0               2         -0.3107;
  1308   18.530               0               2         -0.3107;
  1309   18.544               0               2         -0.3107;
  1310   18.558               0               2         -0.3107;
  1311   18.573               0               2         -0.3107;
  1312   18.587               0               2         -0.3107;
  1313   18.601               0               2         -0.3107;
  1314   18.615               0               2         -0.3107;
  1315   18.629               0               2         -0.3107;
  1316   18.643               0               2         -0.3107;
  1317   18.658               0               2         -0.3114;
  1318   18.672               0               2         -0.3114;
  1319   18.686               0               2         -0.3114;
  1320   18.700               0               2         -0.3114;
  1321   18.714               0               2         -0.3114;
  1322   18.728               0               1         -0.3114;
  1323   18.743               0               1         -0.3114;
  1324   18.757               0               1         -0.3114;
  1325   18.771               0               1         -0.3114;
  1326   18.785               0               1         -0.3114;
  1327   18.799               0               1         -0.3114;
  1328   18.813               0               1         -0.3114;
  1329   18.828               0               1         -0.3114;
  1330   18.842               0               1         -0.3114;
  1331   18.856               0               1         -0.3114;
  1332   18.870               0               1         -0.3114;
  1333   18.884               0               1         -0.3114;
  1334   18.898               0               1         -0.3114;
  1335   18.913               0               1         -0.3114;
  1336   18.927               0               0         -0.3114;
  1337   18.941               0               0         -0.3114;
  1338   18.955               0               0         -0.3114;
  1339   18.969               0               0         -0.3114;
  1340   18.983               0               0         -0.3114;
  1341   18.998               0              -0         -0.3114;
  1342   19.012               0              -0         -0.3114;
  1343   19.026               0              -0         -0.3114;
  1344   19.040               0              -0         -0.3114;
  1345   19.054               0              -0         -0.3114;
  1346   19.068               0              -0         -0.3114;
  1347   19.083               0              -1         -0.3114;
  1348   19.097               0              -1         -0.3114;
  1349   19.111               0              -1         -0.3114;
  1350   19.125               0              -1         -0.3114;
  1351   19.139               0              -1         -0.3107;
  1352   19.153               0              -1         -0.3107;
  1353   19.168               0              -1         -0.3107;
  1354   19.182               0              -1         -0.3107;
  1355   19.196               0              -1         -0.3107;
  1356   19.210               0              -1         -0.3107;
  1357   19.224               0              -1         -0.3107;
  1358   19.238               0              -1         -0.3107;
  1359   19.253               0              -1         -0.3107;
  1360   19.267               0              -1         -0.3107;
  1361   19.281               0              -1         -0.3107;
  1362   19.295               0              -2         -0.3107;
  1363   19.309               0              -2         -0.3107;
  1364   19.323               0              -2         -0.3107;
  1365   19.338               0              -2         -0.3107;
  1366   19.352               0              -2         -0.3107;
  1367   19.366               0              -2         -0.3101;
  1368   19.380               0              -2         -0.3101;
  1369   19.394               0              -2         -0.3101;
  1370   19.408               0              -2         -0.3101;
  1371   19.423               0              -2         -0.3101;
  1372   19.437               0              -2         -0.3101;
  1373   19.451               0              -2         -0.3101;
  1374   19.465               0              -2         -0.3101;
  1375   19.479               0              -3         -0.3101;
  1376   19.493               0              -3         -0.3101;
  1377   19.508               0              -3         -0.3095;
  1378   19.522               0              -3         -0.3095;
  1379   19.536               0              -3         -0.3095;
  1380   19.550               0              -3         -0.3095;
  1381   19.564               0              -3         -0.3095;
  1382   19.578               0              -3         -0.3095;
  1383   19.593               0              -3         -0.3095;
  1384   19.607               0              -3         -0.3095;
  1385   19.621               0              -3         -0.3095;
  1386   19.635               0              -3         -0.3089;
  1387   19.649               0              -3         -0.3089;
  1388   19.663               0              -3         -0.3089;
  1389   19.678               0              -3         -0.3089;
  1390   19.692               0              -3         -0.3089;
  1391   19.706               0              -3         -0.3089;
  1392   19.720               0              -3         -0.3089;
  1393   19.734               0              -3         -0.3089;
  1394   19.748               0              -4         -0.3083;
  1395   19.763               0              -4         -0.3083;
  1396   19.777               0              -4         -0.3083;
  1397   19.791               0              -4         -0.3083;
  1398   19.805               0              -4         -0.3083;
  1399   19.819               0              -4         -0.3083;
  1400   19.833               0              -4         -0.3083;
  1401   19.848               0              -4         -0.3077;
  1402   19.862               0              -4         -0.3077;
  1403   19.876               0              -4         -0.3077;
  1404   19.890               0              -4         -0.3077;
  1405   19.904               0              -4         -0.3077;
  1406   19.918               0              -5         -0.3077;
  1407   19.933               0              -5         -0.3071;
  1408   19.947               0              -5         -0.3071;
  1409   19.961               0              -5         -0.3071;
  1410   19.975               0              -5         -0.3071]
