 Sample   Time     Commanded Pos   Encoder 1 Pos   Control Effort

[    0    0.000            2000               1         -0.1422;
     1    0.014            2000               1         -0.0641;
     2    0.028            2000               1         -0.0232;
     3    0.043            2000               1          0.0183;
     4    0.057            2000               1          0.0592;
     5    0.071            2000               1          0.1007;
     6    0.085            2000               1          0.1416;
     7    0.099            2000               5          0.1832;
     8    0.113            2000              16          0.2241;
     9    0.128            2000              30          0.2643;
    10    0.142            2000              50          0.3046;
    11    0.156            2000              74          0.3443;
    12    0.170            2000             103          0.3828;
    13    0.184            2000             135          0.4212;
    14    0.198            2000             171          0.4591;
    15    0.213            2000             211          0.4957;
    16    0.227            2000             256          0.5311;
    17    0.241            2000             307          0.5659;
    18    0.255            2000             362          0.5995;
    19    0.269            2000             424          0.6313;
    20    0.283            2000             491          0.6618;
    21    0.298            2000             561          0.6911;
    22    0.312            2000             632          0.7192;
    23    0.326            2000             706          0.7454;
    24    0.340            2000             781          0.7698;
    25    0.354            2000             857          0.7930;
    26    0.368            2000             932          0.8144;
    27    0.383            2000            1003          0.8346;
    28    0.397            2000            1068          0.8529;
    29    0.411            2000            1128          0.8706;
    30    0.425            2000            1182          0.8871;
    31    0.439            2000            1228          0.9023;
    32    0.453            2000            1266          0.9170;
    33    0.468            2000            1297          0.9310;
    34    0.482            2000            1318          0.9451;
    35    0.496            2000            1330          0.9585;
    36    0.510            2000            1333          0.9725;
    37    0.524            2000            1331          0.9860;
    38    0.538            2000            1330          1.0000;
    39    0.553            2000            1330          1.0134;
    40    0.567            2000            1330          1.0275;
    41    0.581            2000            1330          1.0415;
    42    0.595            2000            1330          1.0549;
    43    0.609            2000            1330          1.0690;
    44    0.623            2000            1331          1.0824;
    45    0.638            2000            1331          1.0965;
    46    0.652            2000            1331          1.1105;
    47    0.666            2000            1332          1.1239;
    48    0.680            2000            1332          1.1380;
    49    0.694            2000            1333          1.1514;
    50    0.708            2000            1334          1.1654;
    51    0.723            2000            1335          1.1789;
    52    0.737            2000            1337          1.1929;
    53    0.751            2000            1340          1.2063;
    54    0.765            2000            1344          1.2198;
    55    0.779            2000            1349          1.2332;
    56    0.793            2000            1356          1.2466;
    57    0.808            2000            1366          1.2595;
    58    0.822            2000            1378          1.2723;
    59    0.836            2000            1393          1.2845;
    60    0.850            2000            1411          1.2967;
    61    0.864            2000            1432          1.3083;
    62    0.878            2000            1457          1.3193;
    63    0.893            2000            1483          1.3297;
    64    0.907            2000            1511          1.3400;
    65    0.921            2000            1541          1.3492;
    66    0.935            2000            1572          1.3578;
    67    0.949            2000            1606          1.3657;
    68    0.963            2000            1641          1.3730;
    69    0.978            2000            1675          1.3791;
    70    0.992            2000            1708          1.3852;
    71    1.006            2000            1738          1.3901;
    72    1.020            2000            1761          1.3950;
    73    1.034            2000            1779          1.3993;
    74    1.048            2000            1790          1.4035;
    75    1.063            2000            1795          1.4072;
    76    1.077            2000            1795          1.4115;
    77    1.091            2000            1794          1.4158;
    78    1.105            2000            1794          1.4200;
    79    1.119            2000            1794          1.4243;
    80    1.133            2000            1794          1.4286;
    81    1.148            2000            1794          1.4328;
    82    1.162            2000            1795          1.4371;
    83    1.176            2000            1795          1.4414;
    84    1.190            2000            1795          1.4457;
    85    1.204            2000            1795          1.4499;
    86    1.218            2000            1795          1.4542;
    87    1.233            2000            1795          1.4585;
    88    1.247            2000            1795          1.4621;
    89    1.261            2000            1795          1.4664;
    90    1.275            2000            1795          1.4707;
    91    1.289            2000            1795          1.4750;
    92    1.303            2000            1795          1.4792;
    93    1.318            2000            1795          1.4835;
    94    1.332            2000            1795          1.4878;
    95    1.346            2000            1795          1.4921;
    96    1.360            2000            1795          1.4963;
    97    1.374            2000            1795          1.5006;
    98    1.388            2000            1796          1.5049;
    99    1.403            2000            1796          1.5092;
   100    1.417            2000            1796          1.5128;
   101    1.431            2000            1797          1.5171;
   102    1.445            2000            1797          1.5214;
   103    1.459            2000            1797          1.5256;
   104    1.473            2000            1798          1.5299;
   105    1.488            2000            1800          1.5342;
   106    1.502            2000            1801          1.5379;
   107    1.516            2000            1803          1.5421;
   108    1.530            2000            1805          1.5458;
   109    1.544            2000            1807          1.5501;
   110    1.558            2000            1810          1.5537;
   111    1.573            2000            1814          1.5580;
   112    1.587            2000            1818          1.5617;
   113    1.601            2000            1822          1.5653;
   114    1.615            2000            1827          1.5690;
   115    1.629            2000            1832          1.5720;
   116    1.643            2000            1835          1.5757;
   117    1.658            2000            1838          1.5788;
   118    1.672            2000            1839          1.5818;
   119    1.686            2000            1841          1.5855;
   120    1.700            2000            1842          1.5885;
   121    1.714            2000            1842          1.5916;
   122    1.728            2000            1843          1.5952;
   123    1.743            2000            1844          1.5983;
   124    1.757            2000            1845          1.6013;
   125    1.771            2000            1846          1.6044;
   126    1.785            2000            1847          1.6081;
   127    1.799            2000            1849          1.6111;
   128    1.813            2000            1851          1.6142;
   129    1.828            2000            1853          1.6172;
   130    1.842            2000            1856          1.6197;
   131    1.856            2000            1859          1.6227;
   132    1.870            2000            1862          1.6258;
   133    1.884            2000            1865          1.6282;
   134    1.898            2000            1867          1.6313;
   135    1.913            2000            1870          1.6337;
   136    1.927            2000            1873          1.6361;
   137    1.941            2000            1876          1.6392;
   138    1.955            2000            1881          1.6416;
   139    1.969            2000            1885          1.6435;
   140    1.983            2000            1890          1.6459;
   141    1.998            2000            1895          1.6484;
   142    2.012            2000            1902          1.6502;
   143    2.026            2000            1910          1.6520;
   144    2.040            2000            1921          1.6532;
   145    2.054            2000            1934          1.6551;
   146    2.068            2000            1947          1.6557;
   147    2.083            2000            1959          1.6563;
   148    2.097            2000            1972          1.6569;
   149    2.111            2000            1983          1.6575;
   150    2.125            2000            1993          1.6575;
   151    2.139            2000            2000          1.6575;
   152    2.153            2000            2003          1.6569;
   153    2.168            2000            2004          1.6569;
   154    2.182            2000            2004          1.6569;
   155    2.196            2000            2004          1.6569;
   156    2.210            2000            2004          1.6569;
   157    2.224            2000            2004          1.6563;
   158    2.238            2000            2004          1.6563;
   159    2.253            2000            2004          1.6563;
   160    2.267            2000            2004          1.6563;
   161    2.281            2000            2004          1.6563;
   162    2.295            2000            2004          1.6563;
   163    2.309            2000            2004          1.6563;
   164    2.323            2000            2004          1.6557;
   165    2.338            2000            2004          1.6557;
   166    2.352            2000            2004          1.6557;
   167    2.366            2000            2004          1.6557;
   168    2.380            2000            2004          1.6557;
   169    2.394            2000            2004          1.6557;
   170    2.408            2000            2004          1.6551;
   171    2.423            2000            2004          1.6551;
   172    2.437            2000            2004          1.6551;
   173    2.451            2000            2004          1.6551;
   174    2.465            2000            2004          1.6551;
   175    2.479            2000            2004          1.6551;
   176    2.493            2000            2004          1.6551;
   177    2.508            2000            2004          1.6545;
   178    2.522            2000            2004          1.6545;
   179    2.536            2000            2004          1.6545;
   180    2.550            2000            2004          1.6545;
   181    2.564            2000            2004          1.6545;
   182    2.578            2000            2004          1.6545;
   183    2.593            2000            2004          1.6538;
   184    2.607            2000            2004          1.6538;
   185    2.621            2000            2004          1.6538;
   186    2.635            2000            2004          1.6538;
   187    2.649            2000            2004          1.6538;
   188    2.663            2000            2004          1.6538;
   189    2.678            2000            2004          1.6538;
   190    2.692            2000            2004          1.6532;
   191    2.706            2000            2004          1.6532;
   192    2.720            2000            2004          1.6532;
   193    2.734            2000            2004          1.6532;
   194    2.748            2000            2004          1.6532;
   195    2.763            2000            2004          1.6532;
   196    2.777            2000            2004          1.6526;
   197    2.791            2000            2004          1.6526;
   198    2.805            2000            2004          1.6526;
   199    2.819            2000            2004          1.6526;
   200    2.833            2000            2004          1.6526;
   201    2.848            2000            2004          1.6526;
   202    2.862            2000            2004          1.6526;
   203    2.876            2000            2004          1.6520;
   204    2.890            2000            2004          1.6520;
   205    2.904            2000            2004          1.6520;
   206    2.918            2000            2004          1.6520;
   207    2.933            2000            2004          1.6520;
   208    2.947            2000            2004          1.6520;
   209    2.961            2000            2004          1.6520;
   210    2.975            2000            2004          1.6514;
   211    2.989            2000            2004          1.6514;
   212    3.003            2000            2004          1.6514;
   213    3.018            2000            2004          1.6514;
   214    3.032            2000            2004          1.6514;
   215    3.046            2000            2004          1.6514;
   216    3.060            2000            2004          1.6508;
   217    3.074            2000            2004          1.6508;
   218    3.088            2000            2004          1.6508;
   219    3.103            2000            2004          1.6508;
   220    3.117            2000            2004          1.6508;
   221    3.131            2000            2004          1.6508;
   222    3.145            2000            2004          1.6508;
   223    3.159            2000            2004          1.6502;
   224    3.173            2000            2004          1.6502;
   225    3.188            2000            2004          1.6502;
   226    3.202            2000            2004          1.6502;
   227    3.216            2000            2004          1.6502;
   228    3.230            2000            2004          1.6502;
   229    3.244            2000            2004          1.6496;
   230    3.258            2000            2004          1.6496;
   231    3.273            2000            2004          1.6496;
   232    3.287            2000            2004          1.6496;
   233    3.301            2000            2004          1.6496;
   234    3.315            2000            2004          1.6496;
   235    3.329            2000            2004          1.6496;
   236    3.343            2000            2004          1.6490;
   237    3.358            2000            2004          1.6490;
   238    3.372            2000            2004          1.6490;
   239    3.386            2000            2004          1.6490;
   240    3.400            2000            2004          1.6490;
   241    3.414            2000            2004          1.6490;
   242    3.428            2000            2004          1.6484;
   243    3.443            2000            2004          1.6484;
   244    3.457            2000            2004          1.6484;
   245    3.471            2000            2004          1.6484;
   246    3.485            2000            2004          1.6484;
   247    3.499            2000            2004          1.6484;
   248    3.513            2000            2004          1.6484;
   249    3.528            2000            2004          1.6477;
   250    3.542            2000            2004          1.6477;
   251    3.556            2000            2004          1.6477;
   252    3.570            2000            2004          1.6477;
   253    3.584            2000            2004          1.6477;
   254    3.598            2000            2004          1.6477;
   255    3.613            2000            2004          1.6477;
   256    3.627            2000            2004          1.6471;
   257    3.641            2000            2004          1.6471;
   258    3.655            2000            2004          1.6471;
   259    3.669            2000            2004          1.6471;
   260    3.683            2000            2004          1.6471;
   261    3.698            2000            2004          1.6471;
   262    3.712            2000            2004          1.6465;
   263    3.726            2000            2004          1.6465;
   264    3.740            2000            2004          1.6465;
   265    3.754            2000            2004          1.6465;
   266    3.768            2000            2004          1.6465;
   267    3.783            2000            2004          1.6465;
   268    3.797            2000            2004          1.6465;
   269    3.811            2000            2004          1.6459;
   270    3.825            2000            2004          1.6459;
   271    3.839            2000            2004          1.6459;
   272    3.853            2000            2004          1.6459;
   273    3.868            2000            2004          1.6459;
   274    3.882            2000            2004          1.6459;
   275    3.896            2000            2004          1.6453;
   276    3.910            2000            2004          1.6453;
   277    3.924            2000            2004          1.6453;
   278    3.938            2000            2004          1.6453;
   279    3.953            2000            2004          1.6453;
   280    3.967            2000            2004          1.6453;
   281    3.981            2000            2004          1.6453;
   282    3.995            2000            2004          1.6447;
   283    4.009            2000            2004          1.6447;
   284    4.023            2000            2004          1.6447;
   285    4.038            2000            2004          1.6447;
   286    4.052            2000            2004          1.6447;
   287    4.066            2000            2004          1.6447;
   288    4.080            2000            2004          1.6441;
   289    4.094            2000            2004          1.6441;
   290    4.108            2000            2004          1.6441;
   291    4.123            2000            2004          1.6441;
   292    4.137            2000            2004          1.6441;
   293    4.151            2000            2004          1.6441;
   294    4.165            2000            2004          1.6441;
   295    4.179            2000            2004          1.6435;
   296    4.193            2000            2004          1.6435;
   297    4.208            2000            2004          1.6435;
   298    4.222            2000            2004          1.6435;
   299    4.236            2000            2004          1.6435;
   300    4.250            2000            2004          1.6435;
   301    4.264            2000            2004          1.6435;
   302    4.278            2000            2004          1.6429;
   303    4.293            2000            2004          1.6429;
   304    4.307            2000            2004          1.6429;
   305    4.321            2000            2004          1.6429;
   306    4.335            2000            2004          1.6429;
   307    4.349            2000            2004          1.6429;
   308    4.363            2000            2004          1.6422;
   309    4.378            2000            2004          1.6422;
   310    4.392            2000            2004          1.6422;
   311    4.406            2000            2004          1.6422;
   312    4.420            2000            2004          1.6422;
   313    4.434            2000            2004          1.6422;
   314    4.448            2000            2004          1.6422;
   315    4.463            2000            2004          1.6416;
   316    4.477            2000            2004          1.6416;
   317    4.491            2000            2004          1.6416;
   318    4.505            2000            2004          1.6416;
   319    4.519            2000            2004          1.6416;
   320    4.533            2000            2004          1.6416;
   321    4.548            2000            2004          1.6410;
   322    4.562            2000            2004          1.6410;
   323    4.576            2000            2004          1.6410;
   324    4.590            2000            2004          1.6410;
   325    4.604            2000            2004          1.6410;
   326    4.618            2000            2004          1.6410;
   327    4.633            2000            2004          1.6410;
   328    4.647            2000            2004          1.6404;
   329    4.661            2000            2004          1.6404;
   330    4.675            2000            2004          1.6404;
   331    4.689            2000            2004          1.6404;
   332    4.703            2000            2004          1.6404;
   333    4.718            2000            2004          1.6404;
   334    4.732            2000            2004          1.6398;
   335    4.746            2000            2004          1.6398;
   336    4.760            2000            2004          1.6398;
   337    4.774            2000            2004          1.6398;
   338    4.788            2000            2004          1.6398;
   339    4.803            2000            2004          1.6398;
   340    4.817            2000            2004          1.6398;
   341    4.831            2000            2004          1.6392;
   342    4.845            2000            2004          1.6392;
   343    4.859            2000            2004          1.6392;
   344    4.873            2000            2004          1.6392;
   345    4.888            2000            2004          1.6392;
   346    4.902            2000            2004          1.6392;
   347    4.916            2000            2004          1.6386;
   348    4.930            2000            2004          1.6386;
   349    4.944            2000            2004          1.6386;
   350    4.958            2000            2004          1.6386;
   351    4.973            2000            2004          1.6386;
   352    4.987            2000            2004          1.6386;
   353    5.001            2000            2004          1.6386;
   354    5.015            2000            2004          1.6380;
   355    5.029            2000            2004          1.6380;
   356    5.043            2000            2004          1.6380;
   357    5.058            2000            2004          1.6380;
   358    5.072            2000            2004          1.6380;
   359    5.086            2000            2004          1.6380;
   360    5.100            2000            2004          1.6380;
   361    5.114            2000            2004          1.6374;
   362    5.128            2000            2004          1.6374;
   363    5.143            2000            2004          1.6374;
   364    5.157            2000            2004          1.6374;
   365    5.171            2000            2004          1.6374;
   366    5.185            2000            2004          1.6374;
   367    5.199            2000            2004          1.6368;
   368    5.213            2000            2004          1.6368;
   369    5.228            2000            2004          1.6368;
   370    5.242            2000            2004          1.6368;
   371    5.256            2000            2004          1.6368;
   372    5.270            2000            2004          1.6368;
   373    5.284            2000            2004          1.6368;
   374    5.298            2000            2004          1.6361;
   375    5.313            2000            2004          1.6361;
   376    5.327            2000            2004          1.6361;
   377    5.341            2000            2004          1.6361;
   378    5.355            2000            2004          1.6361;
   379    5.369            2000            2004          1.6361;
   380    5.383            2000            2004          1.6355;
   381    5.398            2000            2004          1.6355;
   382    5.412            2000            2004          1.6355;
   383    5.426            2000            2004          1.6355;
   384    5.440            2000            2004          1.6355;
   385    5.454            2000            2004          1.6355;
   386    5.468            2000            2004          1.6355;
   387    5.483            2000            2004          1.6349;
   388    5.497            2000            2004          1.6349;
   389    5.511            2000            2004          1.6349;
   390    5.525            2000            2004          1.6349;
   391    5.539            2000            2004          1.6349;
   392    5.553            2000            2004          1.6349;
   393    5.568            2000            2004          1.6343;
   394    5.582            2000            2004          1.6343;
   395    5.596            2000            2004          1.6343;
   396    5.610            2000            2004          1.6343;
   397    5.624            2000            2004          1.6343;
   398    5.638            2000            2004          1.6343;
   399    5.653            2000            2004          1.6343;
   400    5.667            2000            2004          1.6337;
   401    5.681            2000            2004          1.6337;
   402    5.695            2000            2004          1.6337;
   403    5.709            2000            2004          1.6337;
   404    5.723            2000            2004          1.6337;
   405    5.738            2000            2004          1.6337;
   406    5.752            2000            2004          1.6337;
   407    5.766            2000            2004          1.6331;
   408    5.780            2000            2004          1.6331;
   409    5.794            2000            2004          1.6331;
   410    5.808            2000            2004          1.6331;
   411    5.823            2000            2004          1.6331;
   412    5.837            2000            2004          1.6331;
   413    5.851            2000            2004          1.6325;
   414    5.865            2000            2004          1.6325;
   415    5.879            2000            2004          1.6325;
   416    5.893            2000            2004          1.6325;
   417    5.908            2000            2004          1.6325;
   418    5.922            2000            2004          1.6325;
   419    5.936            2000            2004          1.6325;
   420    5.950            2000            2004          1.6319;
   421    5.964            2000            2004          1.6319;
   422    5.978            2000            2004          1.6319;
   423    5.993            2000            2004          1.6319;
   424    6.007               0            2004          1.6319;
   425    6.021               0            2004          1.5531;
   426    6.035               0            2003          1.5122;
   427    6.049               0            2003          1.4707;
   428    6.063               0            2003          1.4292;
   429    6.078               0            2003          1.3883;
   430    6.092               0            2003          1.3468;
   431    6.106               0            1999          1.3059;
   432    6.120               0            1994          1.2643;
   433    6.134               0            1987          1.2234;
   434    6.148               0            1978          1.1832;
   435    6.163               0            1967          1.1422;
   436    6.177               0            1952          1.1020;
   437    6.191               0            1931          1.0623;
   438    6.205               0            1906          1.0232;
   439    6.219               0            1875          0.9847;
   440    6.233               0            1836          0.9469;
   441    6.248               0            1789          0.9103;
   442    6.262               0            1734          0.8748;
   443    6.276               0            1672          0.8407;
   444    6.290               0            1605          0.8083;
   445    6.304               0            1534          0.7772;
   446    6.318               0            1462          0.7473;
   447    6.333               0            1387          0.7192;
   448    6.347               0            1311          0.6929;
   449    6.361               0            1234          0.6679;
   450    6.375               0            1159          0.6447;
   451    6.389               0            1088          0.6227;
   452    6.403               0            1023          0.6020;
   453    6.418               0             963          0.5830;
   454    6.432               0             910          0.5647;
   455    6.446               0             865          0.5470;
   456    6.460               0             831          0.5305;
   457    6.474               0             808          0.5140;
   458    6.488               0             795          0.4976;
   459    6.503               0             791          0.4817;
   460    6.517               0             793          0.4652;
   461    6.531               0             795          0.4487;
   462    6.545               0             795          0.4322;
   463    6.559               0             794          0.4164;
   464    6.573               0             794          0.3999;
   465    6.588               0             794          0.3834;
   466    6.602               0             794          0.3669;
   467    6.616               0             793          0.3510;
   468    6.630               0             792          0.3346;
   469    6.644               0             792          0.3181;
   470    6.658               0             791          0.3016;
   471    6.673               0             789          0.2857;
   472    6.687               0             787          0.2692;
   473    6.701               0             783          0.2534;
   474    6.715               0             776          0.2369;
   475    6.729               0             766          0.2216;
   476    6.743               0             753          0.2057;
   477    6.758               0             738          0.1911;
   478    6.772               0             720          0.1758;
   479    6.786               0             698          0.1618;
   480    6.800               0             671          0.1484;
   481    6.814               0             639          0.1349;
   482    6.828               0             600          0.1227;
   483    6.843               0             557          0.1117;
   484    6.857               0             508          0.1013;
   485    6.871               0             457          0.0922;
   486    6.885               0             405          0.0842;
   487    6.899               0             356          0.0775;
   488    6.913               0             311          0.0714;
   489    6.928               0             270          0.0659;
   490    6.942               0             232          0.0617;
   491    6.956               0             198          0.0580;
   492    6.970               0             169          0.0543;
   493    6.984               0             143          0.0519;
   494    6.998               0             122          0.0495;
   495    7.013               0             107          0.0476;
   496    7.027               0             100          0.0458;
   497    7.041               0              99          0.0440;
   498    7.055               0             101          0.0415;
   499    7.069               0             102          0.0397;
   500    7.083               0             102          0.0372;
   501    7.098               0             102          0.0354;
   502    7.112               0             102          0.0330;
   503    7.126               0             102          0.0311;
   504    7.140               0             102          0.0287;
   505    7.154               0             102          0.0269;
   506    7.168               0             102          0.0244;
   507    7.183               0             102          0.0226;
   508    7.197               0             102          0.0201;
   509    7.211               0             102          0.0183;
   510    7.225               0             102          0.0165;
   511    7.239               0             102          0.0140;
   512    7.253               0             102          0.0122;
   513    7.268               0             102          0.0098;
   514    7.282               0             102          0.0079;
   515    7.296               0             102          0.0055;
   516    7.310               0             102          0.0037;
   517    7.324               0             102          0.0012;
   518    7.338               0             102         -0.0006;
   519    7.353               0             102         -0.0031;
   520    7.367               0             102         -0.0049;
   521    7.381               0             102         -0.0073;
   522    7.395               0             102         -0.0092;
   523    7.409               0             102         -0.0110;
   524    7.423               0             102         -0.0134;
   525    7.438               0             102         -0.0153;
   526    7.452               0             102         -0.0177;
   527    7.466               0             102         -0.0195;
   528    7.480               0             102         -0.0220;
   529    7.494               0             102         -0.0238;
   530    7.508               0             102         -0.0263;
   531    7.523               0             102         -0.0281;
   532    7.537               0             102         -0.0305;
   533    7.551               0             102         -0.0324;
   534    7.565               0             102         -0.0348;
   535    7.579               0             102         -0.0366;
   536    7.593               0             102         -0.0385;
   537    7.608               0             102         -0.0409;
   538    7.622               0             102         -0.0427;
   539    7.636               0             102         -0.0452;
   540    7.650               0             102         -0.0470;
   541    7.664               0             102         -0.0495;
   542    7.678               0             102         -0.0513;
   543    7.693               0             102         -0.0537;
   544    7.707               0             102         -0.0556;
   545    7.721               0             102         -0.0580;
   546    7.735               0             102         -0.0598;
   547    7.749               0             102         -0.0617;
   548    7.763               0             102         -0.0641;
   549    7.778               0             102         -0.0659;
   550    7.792               0             102         -0.0684;
   551    7.806               0             102         -0.0702;
   552    7.820               0             102         -0.0726;
   553    7.834               0             102         -0.0745;
   554    7.848               0             102         -0.0769;
   555    7.863               0             101         -0.0788;
   556    7.877               0             101         -0.0812;
   557    7.891               0             101         -0.0830;
   558    7.905               0             101         -0.0849;
   559    7.919               0             101         -0.0873;
   560    7.933               0             101         -0.0891;
   561    7.948               0             101         -0.0916;
   562    7.962               0             101         -0.0934;
   563    7.976               0             101         -0.0952;
   564    7.990               0             101         -0.0977;
   565    8.004               0             101         -0.0995;
   566    8.018               0             101         -0.1020;
   567    8.033               0             101         -0.1038;
   568    8.047               0             101         -0.1056;
   569    8.061               0             101         -0.1081;
   570    8.075               0             101         -0.1099;
   571    8.089               0             101         -0.1123;
   572    8.103               0             101         -0.1142;
   573    8.118               0             101         -0.1166;
   574    8.132               0             101         -0.1184;
   575    8.146               0             101         -0.1203;
   576    8.160               0             101         -0.1227;
   577    8.174               0             100         -0.1245;
   578    8.188               0             100         -0.1270;
   579    8.203               0             100         -0.1288;
   580    8.217               0             100         -0.1306;
   581    8.231               0             100         -0.1331;
   582    8.245               0             100         -0.1349;
   583    8.259               0             100         -0.1368;
   584    8.273               0             100         -0.1392;
   585    8.288               0             100         -0.1410;
   586    8.302               0             100         -0.1435;
   587    8.316               0             100         -0.1453;
   588    8.330               0              99         -0.1471;
   589    8.344               0              99         -0.1496;
   590    8.358               0              99         -0.1514;
   591    8.373               0              99         -0.1532;
   592    8.387               0              99         -0.1557;
   593    8.401               0              99         -0.1575;
   594    8.415               0              99         -0.1593;
   595    8.429               0              99         -0.1618;
   596    8.443               0              98         -0.1636;
   597    8.458               0              98         -0.1654;
   598    8.472               0              98         -0.1679;
   599    8.486               0              98         -0.1697;
   600    8.500               0              97         -0.1716;
   601    8.514               0              97         -0.1740;
   602    8.528               0              97         -0.1758;
   603    8.543               0              96         -0.1777;
   604    8.557               0              96         -0.1795;
   605    8.571               0              95         -0.1819;
   606    8.585               0              94         -0.1838;
   607    8.599               0              94         -0.1856;
   608    8.613               0              93         -0.1874;
   609    8.628               0              92         -0.1893;
   610    8.642               0              91         -0.1911;
   611    8.656               0              90         -0.1929;
   612    8.670               0              88         -0.1947;
   613    8.684               0              87         -0.1966;
   614    8.698               0              85         -0.1984;
   615    8.713               0              83         -0.2002;
   616    8.727               0              82         -0.2015;
   617    8.741               0              80         -0.2033;
   618    8.755               0              78         -0.2051;
   619    8.769               0              77         -0.2063;
   620    8.783               0              76         -0.2082;
   621    8.798               0              75         -0.2094;
   622    8.812               0              74         -0.2112;
   623    8.826               0              74         -0.2125;
   624    8.840               0              73         -0.2143;
   625    8.854               0              73         -0.2155;
   626    8.868               0              72         -0.2173;
   627    8.883               0              72         -0.2186;
   628    8.897               0              71         -0.2204;
   629    8.911               0              70         -0.2216;
   630    8.925               0              69         -0.2228;
   631    8.939               0              68         -0.2247;
   632    8.953               0              67         -0.2259;
   633    8.968               0              65         -0.2271;
   634    8.982               0              63         -0.2283;
   635    8.996               0              60         -0.2295;
   636    9.010               0              57         -0.2308;
   637    9.024               0              53         -0.2320;
   638    9.038               0              50         -0.2326;
   639    9.053               0              45         -0.2338;
   640    9.067               0              42         -0.2344;
   641    9.081               0              38         -0.2350;
   642    9.095               0              36         -0.2363;
   643    9.109               0              35         -0.2369;
   644    9.123               0              34         -0.2375;
   645    9.138               0              34         -0.2381;
   646    9.152               0              34         -0.2387;
   647    9.166               0              34         -0.2393;
   648    9.180               0              34         -0.2399;
   649    9.194               0              34         -0.2411;
   650    9.208               0              33         -0.2418;
   651    9.223               0              33         -0.2424;
   652    9.237               0              33         -0.2430;
   653    9.251               0              33         -0.2436;
   654    9.265               0              33         -0.2442;
   655    9.279               0              33         -0.2448;
   656    9.293               0              33         -0.2454;
   657    9.308               0              33         -0.2460;
   658    9.322               0              33         -0.2473;
   659    9.336               0              33         -0.2479;
   660    9.350               0              33         -0.2485;
   661    9.364               0              32         -0.2491;
   662    9.378               0              32         -0.2497;
   663    9.393               0              32         -0.2503;
   664    9.407               0              32         -0.2509;
   665    9.421               0              32         -0.2515;
   666    9.435               0              32         -0.2521;
   667    9.449               0              32         -0.2527;
   668    9.463               0              32         -0.2534;
   669    9.478               0              32         -0.2540;
   670    9.492               0              32         -0.2552;
   671    9.506               0              31         -0.2558;
   672    9.520               0              31         -0.2564;
   673    9.534               0              31         -0.2570;
   674    9.548               0              31         -0.2576;
   675    9.563               0              31         -0.2582;
   676    9.577               0              31         -0.2589;
   677    9.591               0              31         -0.2595;
   678    9.605               0              31         -0.2601;
   679    9.619               0              31         -0.2607;
   680    9.633               0              31         -0.2613;
   681    9.648               0              31         -0.2619;
   682    9.662               0              30         -0.2625;
   683    9.676               0              30         -0.2631;
   684    9.690               0              30         -0.2637;
   685    9.704               0              30         -0.2643;
   686    9.718               0              30         -0.2650;
   687    9.733               0              30         -0.2656;
   688    9.747               0              30         -0.2662;
   689    9.761               0              30         -0.2668;
   690    9.775               0              30         -0.2674;
   691    9.789               0              30         -0.2680;
   692    9.803               0              29         -0.2686;
   693    9.818               0              29         -0.2692;
   694    9.832               0              29         -0.2698;
   695    9.846               0              29         -0.2705;
   696    9.860               0              29         -0.2711;
   697    9.874               0              29         -0.2717;
   698    9.888               0              29         -0.2723;
   699    9.903               0              29         -0.2729;
   700    9.917               0              29         -0.2735;
   701    9.931               0              28         -0.2741;
   702    9.945               0              28         -0.2747;
   703    9.959               0              28         -0.2753;
   704    9.973               0              28         -0.2759;
   705    9.988               0              28         -0.2766;
   706   10.002               0              28         -0.2772;
   707   10.016               0              27         -0.2778;
   708   10.030               0              27         -0.2784;
   709   10.044               0              27         -0.2784;
   710   10.058               0              27         -0.2790;
   711   10.073               0              27         -0.2796;
   712   10.087               0              27         -0.2802;
   713   10.101               0              27         -0.2808;
   714   10.115               0              26         -0.2814;
   715   10.129               0              26         -0.2821;
   716   10.143               0              26         -0.2827;
   717   10.158               0              26         -0.2833;
   718   10.172               0              26         -0.2839;
   719   10.186               0              26         -0.2839;
   720   10.200               0              25         -0.2845;
   721   10.214               0              25         -0.2851;
   722   10.228               0              25         -0.2857;
   723   10.243               0              25         -0.2863;
   724   10.257               0              25         -0.2869;
   725   10.271               0              24         -0.2869;
   726   10.285               0              24         -0.2875;
   727   10.299               0              24         -0.2882;
   728   10.313               0              24         -0.2888;
   729   10.328               0              23         -0.2894;
   730   10.342               0              23         -0.2894;
   731   10.356               0              23         -0.2900;
   732   10.370               0              23         -0.2906;
   733   10.384               0              23         -0.2912;
   734   10.398               0              22         -0.2912;
   735   10.413               0              22         -0.2918;
   736   10.427               0              22         -0.2924;
   737   10.441               0              21         -0.2930;
   738   10.455               0              21         -0.2930;
   739   10.469               0              21         -0.2937;
   740   10.483               0              20         -0.2943;
   741   10.498               0              20         -0.2943;
   742   10.512               0              19         -0.2949;
   743   10.526               0              19         -0.2955;
   744   10.540               0              18         -0.2955;
   745   10.554               0              17         -0.2961;
   746   10.568               0              16         -0.2961;
   747   10.583               0              14         -0.2967;
   748   10.597               0              13         -0.2967;
   749   10.611               0              10         -0.2973;
   750   10.625               0               8         -0.2973;
   751   10.639               0               5         -0.2973;
   752   10.653               0               3         -0.2973;
   753   10.668               0               2         -0.2973;
   754   10.682               0               2         -0.2973;
   755   10.696               0               1         -0.2973;
   756   10.710               0               1         -0.2973;
   757   10.724               0               1         -0.2973;
   758   10.738               0               1         -0.2973;
   759   10.753               0               1         -0.2973;
   760   10.767               0               1         -0.2973;
   761   10.781               0               1         -0.2973;
   762   10.795               0               1         -0.2973;
   763   10.809               0               1         -0.2973;
   764   10.823               0               1         -0.2973;
   765   10.838               0               1         -0.2973;
   766   10.852               0               1         -0.2973;
   767   10.866               0               1         -0.2973;
   768   10.880               0               1         -0.2973;
   769   10.894               0               1         -0.2973;
   770   10.908               0               1         -0.2973;
   771   10.923               0               1         -0.2973;
   772   10.937               0               1         -0.2973;
   773   10.951               0               0         -0.2973;
   774   10.965               0               0         -0.2973;
   775   10.979               0               0         -0.2979;
   776   10.993               0               0         -0.2979;
   777   11.008               0               0         -0.2979;
   778   11.022               0               0         -0.2979;
   779   11.036               0               0         -0.2979;
   780   11.050               0               0         -0.2979;
   781   11.064               0               0         -0.2979;
   782   11.078               0              -0         -0.2979;
   783   11.093               0              -0         -0.2979;
   784   11.107               0              -0         -0.2979;
   785   11.121               0              -0         -0.2979;
   786   11.135               0              -0         -0.2979;
   787   11.149               0              -0         -0.2973;
   788   11.163               0              -0         -0.2973;
   789   11.178               0              -0         -0.2973;
   790   11.192               0              -1         -0.2973;
   791   11.206               0              -1         -0.2973;
   792   11.220               0              -1         -0.2973;
   793   11.234               0              -1         -0.2973;
   794   11.248               0              -1         -0.2973;
   795   11.263               0              -1         -0.2973;
   796   11.277               0              -1         -0.2973;
   797   11.291               0              -1         -0.2973;
   798   11.305               0              -1         -0.2973;
   799   11.319               0              -1         -0.2973;
   800   11.333               0              -1         -0.2973;
   801   11.348               0              -1         -0.2973;
   802   11.362               0              -1         -0.2973;
   803   11.376               0              -1         -0.2973;
   804   11.390               0              -1         -0.2973;
   805   11.404               0              -1         -0.2973;
   806   11.418               0              -1         -0.2973;
   807   11.433               0              -1         -0.2973;
   808   11.447               0              -1         -0.2973;
   809   11.461               0              -1         -0.2973;
   810   11.475               0              -1         -0.2973;
   811   11.489               0              -1         -0.2973;
   812   11.503               0              -1         -0.2973;
   813   11.518               0              -1         -0.2973;
   814   11.532               0              -1         -0.2973;
   815   11.546               0              -1         -0.2973;
   816   11.560               0              -1         -0.2973;
   817   11.574               0              -1         -0.2973;
   818   11.588               0              -1         -0.2973;
   819   11.603               0              -1         -0.2973;
   820   11.617               0              -1         -0.2973;
   821   11.631               0              -1         -0.2973;
   822   11.645               0              -1         -0.2973;
   823   11.659               0              -1         -0.2973;
   824   11.673               0              -1         -0.2973;
   825   11.688               0              -1         -0.2973;
   826   11.702               0              -1         -0.2973;
   827   11.716               0              -1         -0.2973;
   828   11.730               0              -1         -0.2973;
   829   11.744               0              -1         -0.2967;
   830   11.758               0              -1         -0.2967;
   831   11.773               0              -1         -0.2967;
   832   11.787               0              -1         -0.2967;
   833   11.801               0              -1         -0.2967;
   834   11.815               0              -1         -0.2967;
   835   11.829               0              -2         -0.2967;
   836   11.843               0              -2         -0.2967;
   837   11.858               0              -2         -0.2967;
   838   11.872               0              -2         -0.2967;
   839   11.886               0              -2         -0.2967;
   840   11.900               0              -2         -0.2967;
   841   11.914               0              -2         -0.2967;
   842   11.928               0              -2         -0.2967;
   843   11.943               0              -2         -0.2967;
   844   11.957               0              -2         -0.2967;
   845   11.971               0              -2         -0.2967;
   846   11.985               0              -2         -0.2967]
